# time Anum Bnum Aact Bact
# 602 5
# 602 5
 0.00000000e+00  0.00000000e+00  0.00000000e+00  0.00000000e+00  0.00000000e+00
 4.16666667e-02  6.43219185e+08  3.65240980e+08  1.74841398e+05  3.69946241e-01
 8.33333333e-02  8.84974186e+08  1.13194396e+09  2.40555828e+05  1.14652637e+00
 1.25000000e-01  9.75838205e+08  2.04953481e+09  2.65254706e+05  2.07593819e+00
 1.66666667e-01  1.00998960e+09  3.02383482e+09  2.74537820e+05  3.06278974e+00
 2.08333333e-01  1.02282546e+09  4.01944677e+09  2.78026894e+05  4.07122778e+00
 2.50000000e-01  1.02764983e+09  5.02306655e+09  2.79338269e+05  5.08777682e+00
 2.91666667e-01  1.02946308e+09  6.02969379e+09  2.79831151e+05  6.10737206e+00
 3.33333333e-01  1.03014460e+09  7.03744909e+09  2.80016401e+05  7.12810989e+00
 3.75000000e-01  1.03040075e+09  8.04562609e+09  2.80086028e+05  8.14927485e+00
 4.16666667e-01  1.03049702e+09  9.05395928e+09  2.80112197e+05  9.17059802e+00
 4.58333333e-01  1.03053320e+09  1.00623489e+10  2.80122033e+05  1.01919783e+01
 5.00000000e-01  1.03054680e+09  1.10707574e+10  2.80125730e+05  1.12133778e+01
 5.41666667e-01  1.03055192e+09  1.20791707e+10  2.80127119e+05  1.22347821e+01
 5.83333333e-01  1.03055384e+09  1.30875836e+10  2.80127642e+05  1.32561860e+01
 6.25000000e-01  1.03055456e+09  1.40959939e+10  2.80127838e+05  1.42775873e+01
 6.66666667e-01  1.03055483e+09  1.51044011e+10  2.80127912e+05  1.52989853e+01
 7.08333333e-01  1.03055493e+09  1.61128047e+10  2.80127939e+05  1.63203799e+01
 7.50000000e-01  1.03055497e+09  1.71212047e+10  2.80127950e+05  1.73417707e+01
 7.91666667e-01  1.03055498e+09  1.81296010e+10  2.80127954e+05  1.83631579e+01
 8.33333333e-01  1.03055499e+09  1.91379937e+10  2.80127955e+05  1.93845413e+01
 8.75000000e-01  1.03055499e+09  2.01463828e+10  2.80127956e+05  2.04059210e+01
 9.16666667e-01  1.03055499e+09  2.11547681e+10  2.80127956e+05  2.14272970e+01
 9.58333333e-01  1.03055499e+09  2.21631498e+10  2.80127956e+05  2.24486693e+01
 1.00000000e+00  1.03055499e+09  2.31715278e+10  2.80127956e+05  2.34700378e+01
 1.04166667e+00  1.03055499e+09  2.41799021e+10  2.80127956e+05  2.44914026e+01
 1.08333333e+00  1.03055499e+09  2.51882727e+10  2.80127956e+05  2.55127637e+01
 1.12500000e+00  1.03055499e+09  2.61966397e+10  2.80127956e+05  2.65341211e+01
 1.16666667e+00  1.03055499e+09  2.72050029e+10  2.80127956e+05  2.75554747e+01
 1.20833333e+00  1.03055499e+09  2.82133625e+10  2.80127956e+05  2.85768246e+01
 1.25000000e+00  1.03055499e+09  2.92217185e+10  2.80127956e+05  2.95981708e+01
 1.29166667e+00  1.03055499e+09  3.02300707e+10  2.80127956e+05  3.06195133e+01
 1.33333333e+00  1.03055499e+09  3.12384193e+10  2.80127956e+05  3.16408521e+01
 1.37500000e+00  1.03055499e+09  3.22467642e+10  2.80127956e+05  3.26621871e+01
 1.41666667e+00  1.03055499e+09  3.32551054e+10  2.80127956e+05  3.36835184e+01
 1.45833333e+00  1.03055499e+09  3.42634429e+10  2.80127956e+05  3.47048460e+01
 1.50000000e+00  1.03055499e+09  3.52717768e+10  2.80127956e+05  3.57261698e+01
 1.54166667e+00  1.03055499e+09  3.62801070e+10  2.80127956e+05  3.67474899e+01
 1.58333333e+00  1.03055499e+09  3.72884335e+10  2.80127956e+05  3.77688063e+01
 1.62500000e+00  1.03055499e+09  3.82967564e+10  2.80127956e+05  3.87901190e+01
 1.66666667e+00  1.03055499e+09  3.93050755e+10  2.80127956e+05  3.98114280e+01
 1.70833333e+00  1.03055499e+09  4.03133910e+10  2.80127956e+05  4.08327332e+01
 1.75000000e+00  1.03055499e+09  4.13217028e+10  2.80127956e+05  4.18540347e+01
 1.79166667e+00  1.03055499e+09  4.23300109e+10  2.80127956e+05  4.28753325e+01
 1.83333333e+00  1.03055499e+09  4.33383154e+10  2.80127956e+05  4.38966265e+01
 1.87500000e+00  1.03055499e+09  4.43466162e+10  2.80127956e+05  4.49179169e+01
 1.91666667e+00  1.03055499e+09  4.53549133e+10  2.80127956e+05  4.59392035e+01
 1.95833333e+00  1.03055499e+09  4.63632067e+10  2.80127956e+05  4.69604864e+01
 2.00000000e+00  1.03055499e+09  4.73714964e+10  2.80127956e+05  4.79817655e+01
 2.04166667e+00  1.03055499e+09  4.83797825e+10  2.80127956e+05  4.90030410e+01
 2.08333333e+00  1.03055499e+09  4.93880649e+10  2.80127956e+05  5.00243127e+01
 2.12500000e+00  1.03055499e+09  5.03963436e+10  2.80127956e+05  5.10455807e+01
 2.16666667e+00  1.03055499e+09  5.14046186e+10  2.80127956e+05  5.20668449e+01
 2.20833333e+00  1.03055499e+09  5.24128900e+10  2.80127956e+05  5.30881055e+01
 2.25000000e+00  1.03055499e+09  5.34211577e+10  2.80127956e+05  5.41093623e+01
 2.29166667e+00  1.03055499e+09  5.44294217e+10  2.80127956e+05  5.51306154e+01
 2.33333333e+00  1.03055499e+09  5.54376820e+10  2.80127956e+05  5.61518648e+01
 2.37500000e+00  1.03055499e+09  5.64459387e+10  2.80127956e+05  5.71731104e+01
 2.41666667e+00  1.03055499e+09  5.74541917e+10  2.80127956e+05  5.81943523e+01
 2.45833333e+00  1.03055499e+09  5.84624410e+10  2.80127956e+05  5.92155905e+01
 2.50000000e+00  1.03055499e+09  5.94706866e+10  2.80127956e+05  6.02368250e+01
 2.54166667e+00  1.03055499e+09  6.04789286e+10  2.80127956e+05  6.12580558e+01
 2.58333333e+00  1.03055499e+09  6.14871668e+10  2.80127956e+05  6.22792828e+01
 2.62500000e+00  1.03055499e+09  6.24954014e+10  2.80127956e+05  6.33005061e+01
 2.66666667e+00  1.03055499e+09  6.35036324e+10  2.80127956e+05  6.43217257e+01
 2.70833333e+00  1.03055499e+09  6.45118596e+10  2.80127956e+05  6.53429415e+01
 2.75000000e+00  1.03055499e+09  6.55200832e+10  2.80127956e+05  6.63641537e+01
 2.79166667e+00  1.03055499e+09  6.65283031e+10  2.80127956e+05  6.73853621e+01
 2.83333333e+00  1.03055499e+09  6.75365193e+10  2.80127956e+05  6.84065668e+01
 2.87500000e+00  1.03055499e+09  6.85447318e+10  2.80127956e+05  6.94277677e+01
 2.91666667e+00  1.03055499e+09  6.95529407e+10  2.80127956e+05  7.04489650e+01
 2.95833333e+00  1.03055499e+09  7.05611459e+10  2.80127956e+05  7.14701585e+01
 3.00000000e+00  1.03055499e+09  7.15693474e+10  2.80127956e+05  7.24913483e+01
 3.04166667e+00  1.03055499e+09  7.25775452e+10  2.80127956e+05  7.35125343e+01
 3.08333333e+00  1.03055499e+09  7.35857394e+10  2.80127956e+05  7.45337167e+01
 3.12500000e+00  1.03055499e+09  7.45939299e+10  2.80127956e+05  7.55548953e+01
 3.16666667e+00  1.03055499e+09  7.56021167e+10  2.80127956e+05  7.65760702e+01
 3.20833333e+00  1.03055499e+09  7.66102998e+10  2.80127956e+05  7.75972414e+01
 3.25000000e+00  1.03055499e+09  7.76184793e+10  2.80127956e+05  7.86184088e+01
 3.29166667e+00  1.03055499e+09  7.86266550e+10  2.80127956e+05  7.96395726e+01
 3.33333333e+00  1.03055499e+09  7.96348271e+10  2.80127956e+05  8.06607326e+01
 3.37500000e+00  1.03055499e+09  8.06429956e+10  2.80127956e+05  8.16818888e+01
 3.41666667e+00  1.03055499e+09  8.16511603e+10  2.80127956e+05  8.27030414e+01
 3.45833333e+00  1.03055499e+09  8.26593214e+10  2.80127956e+05  8.37241902e+01
 3.50000000e+00  1.03055499e+09  8.36674788e+10  2.80127956e+05  8.47453353e+01
 3.54166667e+00  1.03055499e+09  8.46756325e+10  2.80127956e+05  8.57664767e+01
 3.58333333e+00  1.03055499e+09  8.56837825e+10  2.80127956e+05  8.67876144e+01
 3.62500000e+00  1.03055499e+09  8.66919289e+10  2.80127956e+05  8.78087483e+01
 3.66666667e+00  1.03055499e+09  8.77000716e+10  2.80127956e+05  8.88298785e+01
 3.70833333e+00  1.03055499e+09  8.87082106e+10  2.80127956e+05  8.98510050e+01
 3.75000000e+00  1.03055499e+09  8.97163460e+10  2.80127956e+05  9.08721278e+01
 3.79166667e+00  1.03055499e+09  9.07244776e+10  2.80127956e+05  9.18932468e+01
 3.83333333e+00  1.03055499e+09  9.17326056e+10  2.80127956e+05  9.29143621e+01
 3.87500000e+00  1.03055499e+09  9.27407299e+10  2.80127956e+05  9.39354737e+01
 3.91666667e+00  1.03055499e+09  9.37488506e+10  2.80127956e+05  9.49565816e+01
 3.95833333e+00  1.03055499e+09  9.47569675e+10  2.80127956e+05  9.59776858e+01
 4.00000000e+00  1.03055499e+09  9.57650808e+10  2.80127956e+05  9.69987862e+01
 4.04166667e+00  1.03055499e+09  9.67731904e+10  2.80127956e+05  9.80198829e+01
 4.08333333e+00  1.03055499e+09  9.77812963e+10  2.80127956e+05  9.90409759e+01
 4.12500000e+00  1.03055499e+09  9.87893986e+10  2.80127956e+05  1.00062065e+02
 4.16666667e+00  1.03055499e+09  9.97974972e+10  2.80127956e+05  1.01083151e+02
 4.16666667e+00  1.03055499e+09  9.97974972e+10  2.80127956e+05  1.01083151e+02
 4.26666667e+00  9.84261995e+07  1.00728747e+11  2.67544481e+04  1.02026398e+02
 4.36666667e+00  9.40048499e+06  1.00816891e+11  2.55526261e+03  1.02115677e+02
 4.46666667e+00  8.97821093e+05  1.00824511e+11  2.44047906e+02  1.02123395e+02
 4.56666667e+00  8.57490562e+04  1.00824441e+11  2.33085163e+01  1.02123324e+02
 4.66666667e+00  8.18971696e+03  1.00823636e+11  2.22614871e+00  1.02122509e+02
 4.76666667e+00  7.82183115e+02  1.00822761e+11  2.12614910e-01  1.02121623e+02
 4.86666667e+00  7.47047094e+01  1.00821879e+11  2.03064152e-02  1.02120730e+02
 4.96666667e+00  7.13489399e+00  1.00820997e+11  1.93942418e-03  1.02119836e+02
 5.06666667e+00  6.81439131e-01  1.00820115e+11  1.85230436e-04  1.02118942e+02
 5.16666667e+00  6.50828576e-02  1.00819233e+11  1.76909801e-05  1.02118049e+02
 5.26666667e+00  6.21593060e-03  1.00818350e+11  1.68962932e-06  1.02117155e+02
 5.36666667e+00  5.93670817e-04  1.00817468e+11  1.61373041e-07  1.02116261e+02
 5.46666667e+00  5.67002855e-05  1.00816586e+11  1.54124090e-08  1.02115368e+02
 5.56666667e+00  5.41532829e-06  1.00815703e+11  1.47200766e-09  1.02114474e+02
 5.66666667e+00  5.17206928e-07  1.00814821e+11  1.40588441e-10  1.02113581e+02
 5.76666667e+00  4.93973758e-08  1.00813939e+11  1.34273144e-11  1.02112687e+02
 5.86666667e+00  4.71784232e-09  1.00813057e+11  1.28241533e-12  1.02111793e+02
 5.96666667e+00  4.50591470e-10  1.00812174e+11  1.22480865e-13  1.02110900e+02
 6.06666667e+00  4.30350696e-11  1.00811292e+11  1.16978969e-14  1.02110006e+02
 6.16666667e+00  4.11019147e-12  1.00810410e+11  1.11724221e-15  1.02109112e+02
 6.26666667e+00  3.92555981e-13  1.00809528e+11  1.06705518e-16  1.02108219e+02
 6.36666667e+00  3.74922187e-14  1.00808646e+11  1.01912258e-17  1.02107325e+02
 6.46666667e+00  3.58080512e-15  1.00807763e+11  9.73343128e-19  1.02106432e+02
 6.56666667e+00  3.41995373e-16  1.00806881e+11  9.29620112e-20  1.02105538e+02
 6.66666667e+00  3.26632786e-17  1.00805999e+11  8.87861154e-21  1.02104645e+02
 6.76666667e+00  3.11960292e-18  1.00805117e+11  8.47978028e-22  1.02103751e+02
 6.86666667e+00  2.97946894e-19  1.00804235e+11  8.09886469e-23  1.02102858e+02
 6.96666667e+00  2.84562984e-20  1.00803352e+11  7.73506001e-24  1.02101964e+02
 7.06666667e+00  2.71780286e-21  1.00802470e+11  7.38759760e-25  1.02101071e+02
 7.16666667e+00  2.59571792e-22  1.00801588e+11  7.05574336e-26  1.02100177e+02
 7.26666667e+00  2.47911709e-23  1.00800706e+11  6.73879616e-27  1.02099283e+02
 7.36666667e+00  2.36775402e-24  1.00799824e+11  6.43608638e-28  1.02098390e+02
 7.46666667e+00  2.26139344e-25  1.00798942e+11  6.14697445e-29  1.02097496e+02
 7.56666667e+00  2.15981062e-26  1.00798060e+11  5.87084956e-30  1.02096603e+02
 7.66666667e+00  2.06279094e-27  1.00797178e+11  5.60712833e-31  1.02095710e+02
 7.76666667e+00  1.97012944e-28  1.00796295e+11  5.35525358e-32  1.02094816e+02
 7.86666667e+00  1.88163033e-29  1.00795413e+11  5.11469316e-33  1.02093923e+02
 7.96666667e+00  1.79710664e-30  1.00794531e+11  4.88493882e-34  1.02093029e+02
 8.06666667e+00  1.71637979e-31  1.00793649e+11  4.66550514e-35  1.02092136e+02
 8.16666667e+00  1.63927923e-32  1.00792767e+11  4.45592853e-36  1.02091242e+02
 8.26666667e+00  1.56564206e-33  1.00791885e+11  4.25576620e-37  1.02090349e+02
 8.36666667e+00  1.49531271e-34  1.00791003e+11  4.06459525e-38  1.02089455e+02
 8.46666667e+00  1.42814258e-35  1.00790121e+11  3.88201178e-39  1.02088562e+02
 8.56666667e+00  1.36398977e-36  1.00789239e+11  3.70763005e-40  1.02087669e+02
 8.66666667e+00  1.30271873e-37  1.00788357e+11  3.54108162e-41  1.02086775e+02
 8.76666667e+00  1.24420001e-38  1.00787475e+11  3.38201463e-42  1.02085882e+02
 8.86666667e+00  1.18830998e-39  1.00786593e+11  3.23009299e-43  1.02084988e+02
 8.96666667e+00  1.13493056e-40  1.00785711e+11  3.08499575e-44  1.02084095e+02
 9.06666667e+00  1.08394896e-41  1.00784829e+11  2.94641634e-45  1.02083202e+02
 9.16666667e+00  1.03525748e-42  1.00783947e+11  2.81406197e-46  1.02082308e+02
 9.26666667e+00  9.88753244e-44  1.00783065e+11  2.68765303e-47  1.02081415e+02
 9.36666667e+00  9.44337999e-45  1.00782183e+11  2.56692244e-48  1.02080522e+02
 9.46666667e+00  9.01917907e-46  1.00781301e+11  2.45161511e-49  1.02079628e+02
 9.56666667e+00  8.61403344e-47  1.00780419e+11  2.34148745e-50  1.02078735e+02
 9.66666667e+00  8.22708715e-48  1.00779537e+11  2.23630677e-51  1.02077842e+02
 9.76666667e+00  7.85752265e-49  1.00778655e+11  2.13585085e-52  1.02076948e+02
 9.86666667e+00  7.50455917e-50  1.00777773e+11  2.03990746e-53  1.02076055e+02
 9.96666667e+00  7.16745096e-51  1.00776891e+11  1.94827389e-54  1.02075162e+02
 1.00666667e+01  6.84548580e-52  1.00776009e+11  1.86075654e-55  1.02074268e+02
 1.01666667e+01  6.53798347e-53  1.00775127e+11  1.77717051e-56  1.02073375e+02
 1.02666667e+01  6.24429428e-54  1.00774245e+11  1.69733921e-57  1.02072482e+02
 1.03666667e+01  5.96379774e-55  1.00773363e+11  1.62109396e-58  1.02071589e+02
 1.04666667e+01  5.69590124e-56  1.00772482e+11  1.54827368e-59  1.02070695e+02
 1.05666667e+01  5.44003877e-57  1.00771600e+11  1.47872452e-60  1.02069802e+02
 1.06666667e+01  5.19566975e-58  1.00770718e+11  1.41229955e-61  1.02068909e+02
 1.07666667e+01  4.96227791e-59  1.00769836e+11  1.34885841e-62  1.02068016e+02
 1.08666667e+01  4.73937013e-60  1.00768954e+11  1.28826708e-63  1.02067122e+02
 1.09666667e+01  4.52647547e-61  1.00768072e+11  1.23039753e-64  1.02066229e+02
 1.10666667e+01  4.32314413e-62  1.00767190e+11  1.17512752e-65  1.02065336e+02
 1.11666667e+01  4.12894653e-63  1.00766309e+11  1.12234025e-66  1.02064443e+02
 1.12666667e+01  3.94347238e-64  1.00765427e+11  1.07192422e-67  1.02063550e+02
 1.13666667e+01  3.76632981e-65  1.00764545e+11  1.02377290e-68  1.02062656e+02
 1.14666667e+01  3.59714456e-66  1.00763663e+11  9.77784553e-70  1.02061763e+02
 1.15666667e+01  3.43555919e-67  1.00762781e+11  9.33862027e-71  1.02060870e+02
 1.16666667e+01  3.28123231e-68  1.00761899e+11  8.91912520e-72  1.02059977e+02
 1.17666667e+01  3.13383787e-69  1.00761018e+11  8.51847404e-73  1.02059084e+02
 1.18666667e+01  2.99306445e-70  1.00760136e+11  8.13582032e-74  1.02058191e+02
 1.19666667e+01  2.85861463e-71  1.00759254e+11  7.77035557e-75  1.02057298e+02
 1.20666667e+01  2.73020436e-72  1.00758372e+11  7.42130767e-76  1.02056404e+02
 1.21666667e+01  2.60756234e-73  1.00757491e+11  7.08793916e-77  1.02055511e+02
 1.22666667e+01  2.49042946e-74  1.00756609e+11  6.76954571e-78  1.02054618e+02
 1.23666667e+01  2.37855823e-75  1.00755727e+11  6.46545464e-79  1.02053725e+02
 1.24666667e+01  2.27171232e-76  1.00754845e+11  6.17502348e-80  1.02052832e+02
 1.25666667e+01  2.16966597e-77  1.00753964e+11  5.89763862e-81  1.02051939e+02
 1.26666667e+01  2.07220359e-78  1.00753082e+11  5.63271401e-82  1.02051046e+02
 1.27666667e+01  1.97911926e-79  1.00752200e+11  5.37968994e-83  1.02050153e+02
 1.28666667e+01  1.89021632e-80  1.00751318e+11  5.13803182e-84  1.02049260e+02
 1.29666667e+01  1.80530695e-81  1.00750437e+11  4.90722910e-85  1.02048367e+02
 1.30666667e+01  1.72421174e-82  1.00749555e+11  4.68679414e-86  1.02047474e+02
 1.31666667e+01  1.64675936e-83  1.00748673e+11  4.47626121e-87  1.02046580e+02
 1.32666667e+01  1.57278618e-84  1.00747792e+11  4.27518552e-88  1.02045687e+02
 1.33666667e+01  1.50213591e-85  1.00746910e+11  4.08314225e-89  1.02044794e+02
 1.34666667e+01  1.43465929e-86  1.00746028e+11  3.89972564e-90  1.02043901e+02
 1.35666667e+01  1.37021374e-87  1.00745147e+11  3.72454819e-91  1.02043008e+02
 1.36666667e+01  1.30866311e-88  1.00744265e+11  3.55723980e-92  1.02042115e+02
 1.37666667e+01  1.24987737e-89  1.00743383e+11  3.39744697e-93  1.02041222e+02
 1.38666667e+01  1.19373231e-90  1.00742502e+11  3.24483211e-94  1.02040329e+02
 1.39666667e+01  1.14010932e-91  1.00741620e+11  3.09907277e-95  1.02039436e+02
 1.40666667e+01  1.08889509e-92  1.00740739e+11  2.95986102e-96  1.02038543e+02
 1.41666667e+01  1.03998142e-93  1.00739857e+11  2.82690271e-97  1.02037650e+02
 1.42666667e+01  9.93264986e-95  1.00738975e+11  2.69991696e-98  1.02036757e+02
 1.43666667e+01  9.48647072e-96  1.00738094e+11  2.57863546e-99  1.02035865e+02
 1.44666667e+01  9.06033414e-97  1.00737212e+11 2.46280199e-100  1.02034972e+02
 1.45666667e+01  8.65333982e-98  1.00736331e+11 2.35217180e-101  1.02034079e+02
 1.46666667e+01  8.26462786e-99  1.00735449e+11 2.24651118e-102  1.02033186e+02
 1.47666667e+01 7.89337702e-100  1.00734567e+11 2.14559687e-103  1.02032293e+02
 1.48666667e+01 7.53880294e-101  1.00733686e+11 2.04921569e-104  1.02031400e+02
 1.49666667e+01 7.20015648e-102  1.00732804e+11 1.95716399e-105  1.02030507e+02
 1.50666667e+01 6.87672218e-103  1.00731923e+11 1.86924729e-106  1.02029614e+02
 1.51666667e+01 6.56781670e-104  1.00731041e+11 1.78527985e-107  1.02028721e+02
 1.52666667e+01 6.27278739e-105  1.00730160e+11 1.70508427e-108  1.02027828e+02
 1.53666667e+01 5.99101093e-106  1.00729278e+11 1.62849111e-109  1.02026935e+02
 1.54666667e+01 5.72189199e-107  1.00728397e+11 1.55533855e-110  1.02026043e+02
 1.55666667e+01 5.46486200e-108  1.00727515e+11 1.48547204e-111  1.02025150e+02
 1.56666667e+01 5.21937792e-109  1.00726634e+11 1.41874396e-112  1.02024257e+02
 1.57666667e+01 4.98492109e-110  1.00725752e+11 1.35501333e-113  1.02023364e+02
 1.58666667e+01 4.76099617e-111  1.00724871e+11 1.29414552e-114  1.02022471e+02
 1.59666667e+01 4.54713006e-112  1.00723989e+11 1.23601191e-115  1.02021578e+02
 1.60666667e+01 4.34287091e-113  1.00723108e+11 1.18048970e-116  1.02020686e+02
 1.61666667e+01 4.14778717e-114  1.00722226e+11 1.12746156e-117  1.02019793e+02
 1.62666667e+01 3.96146669e-115  1.00721345e+11 1.07681548e-118  1.02018900e+02
 1.63666667e+01 3.78351581e-116  1.00720463e+11 1.02844444e-119  1.02018007e+02
 1.64666667e+01 3.61355856e-117  1.00719582e+11 9.82246245e-121  1.02017114e+02
 1.65666667e+01 3.45123586e-118  1.00718701e+11 9.38123297e-122  1.02016222e+02
 1.66666667e+01 3.29620478e-119  1.00717819e+11 8.95982373e-123  1.02015329e+02
 1.67666667e+01 3.14813776e-120  1.00716938e+11 8.55734437e-124  1.02014436e+02
 1.68666667e+01 3.00672198e-121  1.00716056e+11 8.17294457e-125  1.02013543e+02
 1.69666667e+01 2.87165867e-122  1.00715175e+11 7.80581219e-126  1.02012651e+02
 1.70666667e+01 2.74266245e-123  1.00714294e+11 7.45517156e-127  1.02011758e+02
 1.71666667e+01 2.61946081e-124  1.00713412e+11 7.12028186e-128  1.02010865e+02
 1.72666667e+01 2.50179344e-125  1.00712531e+11 6.80043557e-129  1.02009972e+02
 1.73666667e+01 2.38941174e-126  1.00711649e+11 6.49495691e-130  1.02009080e+02
 1.74666667e+01 2.28207828e-127  1.00710768e+11 6.20320050e-131  1.02008187e+02
 1.75666667e+01 2.17956629e-128  1.00709887e+11 5.92454991e-132  1.02007294e+02
 1.76666667e+01 2.08165918e-129  1.00709005e+11 5.65841644e-133  1.02006402e+02
 1.77666667e+01 1.98815010e-130  1.00708124e+11 5.40423780e-134  1.02005509e+02
 1.78666667e+01 1.89884150e-131  1.00707243e+11 5.16147698e-135  1.02004616e+02
 1.79666667e+01 1.81354467e-132  1.00706361e+11 4.92962109e-136  1.02003724e+02
 1.80666667e+01 1.73207942e-133  1.00705480e+11 4.70818027e-137  1.02002831e+02
 1.81666667e+01 1.65427363e-134  1.00704599e+11 4.49668667e-138  1.02001938e+02
 1.82666667e+01 1.57996291e-135  1.00703718e+11 4.29469346e-139  1.02001046e+02
 1.83666667e+01 1.50899025e-136  1.00702836e+11 4.10177388e-140  1.02000153e+02
 1.84666667e+01 1.44120573e-137  1.00701955e+11 3.91752033e-141  1.01999260e+02
 1.85666667e+01 1.37646611e-138  1.00701074e+11 3.74154354e-142  1.01998368e+02
 1.86666667e+01 1.31463463e-139  1.00700192e+11 3.57347170e-143  1.01997475e+02
 1.87666667e+01 1.25558064e-140  1.00699311e+11 3.41294973e-144  1.01996582e+02
 1.88666667e+01 1.19917939e-141  1.00698430e+11 3.25963848e-145  1.01995690e+02
 1.89666667e+01 1.14531171e-142  1.00697549e+11 3.11321404e-146  1.01994797e+02
 1.90666667e+01 1.09386378e-143  1.00696668e+11 2.97336705e-147  1.01993905e+02
 1.91666667e+01 1.04472692e-144  1.00695786e+11 2.83980205e-148  1.01993012e+02
 1.92666667e+01 9.97797316e-146  1.00694905e+11 2.71223685e-149  1.01992120e+02
 1.93666667e+01 9.52975808e-147  1.00694024e+11 2.59040194e-150  1.01991227e+02
 1.94666667e+01 9.10167701e-148  1.00693143e+11 2.47403991e-151  1.01990334e+02
 1.95666667e+01 8.69282554e-149  1.00692261e+11 2.36290491e-152  1.01989442e+02
 1.96666667e+01 8.30233987e-150  1.00691380e+11 2.25676215e-153  1.01988549e+02
 1.97666667e+01 7.92939499e-151  1.00690499e+11 2.15538737e-154  1.01987657e+02
 1.98666667e+01 7.57320296e-152  1.00689618e+11 2.05856639e-155  1.01986764e+02
 1.99666667e+01 7.23301125e-153  1.00688737e+11 1.96609465e-156  1.01985872e+02
 2.00666667e+01 6.90810109e-154  1.00687856e+11 1.87777678e-157  1.01984979e+02
 2.01666667e+01 6.59778605e-155  1.00686974e+11 1.79342620e-158  1.01984087e+02
 2.02666667e+01 6.30141050e-156  1.00686093e+11 1.71286468e-159  1.01983194e+02
 2.03666667e+01 6.01834828e-157  1.00685212e+11 1.63592202e-160  1.01982302e+02
 2.04666667e+01 5.74800134e-158  1.00684331e+11 1.56243566e-161  1.01981409e+02
 2.05666667e+01 5.48979851e-159  1.00683450e+11 1.49225034e-162  1.01980517e+02
 2.06666667e+01 5.24319427e-160  1.00682569e+11 1.42521777e-163  1.01979624e+02
 2.07666667e+01 5.00766760e-161  1.00681688e+11 1.36119634e-164  1.01978732e+02
 2.08666667e+01 4.78272089e-162  1.00680807e+11 1.30005078e-165  1.01977839e+02
 2.09666667e+01 4.56787890e-163  1.00679926e+11 1.24165191e-166  1.01976947e+02
 2.10666667e+01 4.36268770e-164  1.00679044e+11 1.18587634e-167  1.01976055e+02
 2.11666667e+01 4.16671379e-165  1.00678163e+11 1.13260624e-168  1.01975162e+02
 2.12666667e+01 3.97954311e-166  1.00677282e+11 1.08172905e-169  1.01974270e+02
 2.13666667e+01 3.80078022e-167  1.00676401e+11 1.03313729e-170  1.01973377e+02
 2.14666667e+01 3.63004745e-168  1.00675520e+11 9.86728296e-172  1.01972485e+02
 2.15666667e+01 3.46698407e-169  1.00674639e+11 9.42404013e-173  1.01971593e+02
 2.16666667e+01 3.31124557e-170  1.00673758e+11 9.00070796e-174  1.01970700e+02
 2.17666667e+01 3.16250291e-171  1.00672877e+11 8.59639207e-175  1.01969808e+02
 2.18666667e+01 3.02044184e-172  1.00671996e+11 8.21023823e-176  1.01968915e+02
 2.19666667e+01 2.88476222e-173  1.00671115e+11 7.84143060e-177  1.01968023e+02
 2.20666667e+01 2.75517739e-174  1.00670234e+11 7.48918997e-178  1.01967131e+02
 2.21666667e+01 2.63141357e-175  1.00669353e+11 7.15277215e-179  1.01966238e+02
 2.22666667e+01 2.51320928e-176  1.00668472e+11 6.83146638e-180  1.01965346e+02
 2.23666667e+01 2.40031478e-177  1.00667591e+11 6.52459380e-181  1.01964454e+02
 2.24666667e+01 2.29249155e-178  1.00666710e+11 6.23150609e-182  1.01963561e+02
 2.25666667e+01 2.18951178e-179  1.00665829e+11 5.95158400e-183  1.01962669e+02
 2.26666667e+01 2.09115792e-180  1.00664948e+11 5.68423614e-184  1.01961777e+02
 2.27666667e+01 1.99722216e-181  1.00664067e+11 5.42889767e-185  1.01960885e+02
 2.28666667e+01 1.90750603e-182  1.00663186e+11 5.18502912e-186  1.01959992e+02
 2.29666667e+01 1.82181999e-183  1.00662306e+11 4.95211526e-187  1.01959100e+02
 2.30666667e+01 1.73998301e-184  1.00661425e+11 4.72966399e-188  1.01958208e+02
 2.31666667e+01 1.66182218e-185  1.00660544e+11 4.51720533e-189  1.01957315e+02
 2.32666667e+01 1.58717237e-186  1.00659663e+11 4.31429042e-190  1.01956423e+02
 2.33666667e+01 1.51587587e-187  1.00658782e+11 4.12049053e-191  1.01955531e+02
 2.34666667e+01 1.44778204e-188  1.00657901e+11 3.93539622e-192  1.01954639e+02
 2.35666667e+01 1.38274701e-189  1.00657020e+11 3.75861644e-193  1.01953746e+02
 2.36666667e+01 1.32063339e-190  1.00656139e+11 3.58977768e-194  1.01952854e+02
 2.37666667e+01 1.26130993e-191  1.00655258e+11 3.42852323e-195  1.01951962e+02
 2.38666667e+01 1.20465132e-192  1.00654377e+11 3.27451241e-196  1.01951070e+02
 2.39666667e+01 1.15053783e-193  1.00653497e+11 3.12741983e-197  1.01950178e+02
 2.40666667e+01 1.09885515e-194  1.00652616e+11 2.98693471e-198  1.01949285e+02
 2.41666667e+01 1.04949408e-195  1.00651735e+11 2.85276024e-199  1.01948393e+02
 2.42666667e+01 1.00235033e-196  1.00650854e+11 2.72461296e-200  1.01947501e+02
 2.43666667e+01 9.57324296e-198  1.00649973e+11 2.60222210e-201  1.01946609e+02
 2.44666667e+01 9.14320853e-199  1.00649092e+11 2.48532910e-202  1.01945717e+02
 2.45666667e+01 8.73249145e-200  1.00648212e+11 2.37368699e-203  1.01944825e+02
 2.46666667e+01 8.34022396e-201  1.00647331e+11 2.26705989e-204  1.01943932e+02
 2.47666667e+01 7.96557731e-202  1.00646450e+11 2.16522253e-205  1.01943040e+02
 2.48666667e+01 7.60775996e-203  1.00645569e+11 2.06795975e-206  1.01942148e+02
 2.49666667e+01 7.26601593e-204  1.00644689e+11 1.97506606e-207  1.01941256e+02
 2.50666667e+01 6.93962319e-205  1.00643808e+11 1.88634520e-208  1.01940364e+02
 2.51666667e+01 6.62789216e-206  1.00642927e+11 1.80160971e-209  1.01939472e+02
 2.52666667e+01 6.33016423e-207  1.00642046e+11 1.72068058e-210  1.01938580e+02
 2.53666667e+01 6.04581038e-208  1.00641165e+11 1.64338683e-211  1.01937688e+02
 2.54666667e+01 5.77422983e-209  1.00640285e+11 1.56956515e-212  1.01936796e+02
 2.55666667e+01 5.51484880e-210  1.00639404e+11 1.49905957e-213  1.01935903e+02
 2.56666667e+01 5.26711929e-211  1.00638523e+11 1.43172113e-214  1.01935011e+02
 2.57666667e+01 5.03051790e-212  1.00637643e+11 1.36740757e-215  1.01934119e+02
 2.58666667e+01 4.80454475e-213  1.00636762e+11 1.30598300e-216  1.01933227e+02
 2.59666667e+01 4.58872241e-214  1.00635881e+11 1.24731765e-217  1.01932335e+02
 2.60666667e+01 4.38259492e-215  1.00635000e+11 1.19128757e-218  1.01931443e+02
 2.61666667e+01 4.18572676e-216  1.00634120e+11 1.13777439e-219  1.01930551e+02
 2.62666667e+01 3.99770201e-217  1.00633239e+11 1.08666505e-220  1.01929659e+02
 2.63666667e+01 3.81812342e-218  1.00632358e+11 1.03785156e-221  1.01928767e+02
 2.64666667e+01 3.64661158e-219  1.00631478e+11 9.91230799e-223  1.01927875e+02
 2.65666667e+01 3.48280413e-220  1.00630597e+11 9.46704261e-224  1.01926983e+02
 2.66666667e+01 3.32635499e-221  1.00629716e+11 9.04177875e-225  1.01926091e+02
 2.67666667e+01 3.17693361e-222  1.00628836e+11 8.63561794e-226  1.01925199e+02
 2.68666667e+01 3.03422431e-223  1.00627955e+11 8.24770206e-227  1.01924307e+02
 2.69666667e+01 2.89792557e-224  1.00627075e+11 7.87721153e-228  1.01923415e+02
 2.70666667e+01 2.76774944e-225  1.00626194e+11 7.52336361e-229  1.01922523e+02
 2.71666667e+01 2.64342088e-226  1.00625313e+11 7.18541070e-230  1.01921631e+02
 2.72666667e+01 2.52467721e-227  1.00624433e+11 6.86263879e-231  1.01920739e+02
 2.73666667e+01 2.41126756e-228  1.00623552e+11 6.55436593e-232  1.01919847e+02
 2.74666667e+01 2.30295233e-229  1.00622672e+11 6.25994084e-233  1.01918956e+02
 2.75666667e+01 2.19950266e-230  1.00621791e+11 5.97874145e-234  1.01918064e+02
 2.76666667e+01 2.10070000e-231  1.00620910e+11 5.71017367e-235  1.01917172e+02
 2.77666667e+01 2.00633561e-232  1.00620030e+11 5.45367007e-236  1.01916280e+02
 2.78666667e+01 1.91621010e-233  1.00619149e+11 5.20868873e-237  1.01915388e+02
 2.79666667e+01 1.83013307e-234  1.00618269e+11 4.97471207e-238  1.01914496e+02
 2.80666667e+01 1.74792266e-235  1.00617388e+11 4.75124574e-239  1.01913604e+02
 2.81666667e+01 1.66940518e-236  1.00616508e+11 4.53781762e-240  1.01912712e+02
 2.82666667e+01 1.59441474e-237  1.00615627e+11 4.33397679e-241  1.01911820e+02
 2.83666667e+01 1.52279291e-238  1.00614747e+11 4.13929259e-242  1.01910929e+02
 2.84666667e+01 1.45438836e-239  1.00613866e+11 3.95335368e-243  1.01910037e+02
 2.85666667e+01 1.38905657e-240  1.00612986e+11 3.77576724e-244  1.01909145e+02
 2.86666667e+01 1.32665952e-241  1.00612105e+11 3.60615806e-245  1.01908253e+02
 2.87666667e+01 1.26706537e-242  1.00611225e+11 3.44416780e-246  1.01907361e+02
 2.88666667e+01 1.21014822e-243  1.00610344e+11 3.28945422e-247  1.01906469e+02
 2.89666667e+01 1.15578781e-244  1.00609464e+11 3.14169044e-248  1.01905578e+02
 2.90666667e+01 1.10386930e-245  1.00608583e+11 3.00056428e-249  1.01904686e+02
 2.91666667e+01 1.05428299e-246  1.00607703e+11 2.86577756e-250  1.01903794e+02
 2.92666667e+01 1.00692411e-247  1.00606822e+11 2.73704553e-251  1.01902902e+02
 2.93666667e+01 9.61692626e-249  1.00605942e+11 2.61409621e-252  1.01902010e+02
 2.94666667e+01 9.18492956e-250  1.00605062e+11 2.49666982e-253  1.01901119e+02
 2.95666667e+01 8.77233835e-251  1.00604181e+11 2.38451827e-254  1.01900227e+02
 2.96666667e+01 8.37828093e-252  1.00603301e+11 2.27740463e-255  1.01899335e+02
 2.97666667e+01 8.00192474e-253  1.00602420e+11 2.17510258e-256  1.01898443e+02
 2.98666667e+01 7.64247464e-254  1.00601540e+11 2.07739598e-257  1.01897552e+02
 2.99666667e+01 7.29917121e-255  1.00600660e+11 1.98407841e-258  1.01896660e+02
 3.00666667e+01 6.97128912e-256  1.00599779e+11 1.89495271e-259  1.01895768e+02
 3.01666667e+01 6.65813565e-257  1.00598899e+11 1.80983057e-260  1.01894876e+02
 3.02666667e+01 6.35904917e-258  1.00598018e+11 1.72853216e-261  1.01893985e+02
 3.03666667e+01 6.07339779e-259  1.00597138e+11 1.65088571e-262  1.01893093e+02
 3.04666667e+01 5.80057800e-260  1.00596258e+11 1.57672717e-263  1.01892201e+02
 3.05666667e+01 5.54001340e-261  1.00595377e+11 1.50589987e-264  1.01891310e+02
 3.06666667e+01 5.29115348e-262  1.00594497e+11 1.43825416e-265  1.01890418e+02
 3.07666667e+01 5.05347246e-263  1.00593617e+11 1.37364713e-266  1.01889526e+02
 3.08666667e+01 4.82646818e-264  1.00592736e+11 1.31194228e-267  1.01888635e+02
 3.09666667e+01 4.60966104e-265  1.00591856e+11 1.25300924e-268  1.01887743e+02
 3.10666667e+01 4.40259297e-266  1.00590976e+11 1.19672349e-269  1.01886851e+02
 3.11666667e+01 4.20482649e-267  1.00590095e+11 1.14296613e-270  1.01885960e+02
 3.12666667e+01 4.01594378e-268  1.00589215e+11 1.09162357e-271  1.01885068e+02
 3.13666667e+01 3.83554576e-269  1.00588335e+11 1.04258734e-272  1.01884176e+02
 3.14666667e+01 3.66325130e-270  1.00587455e+11 9.95753847e-274  1.01883285e+02
 3.15666667e+01 3.49869639e-271  1.00586574e+11 9.51024131e-275  1.01882393e+02
 3.16666667e+01 3.34153335e-272  1.00585694e+11 9.08303695e-276  1.01881502e+02
 3.17666667e+01 3.19143016e-273  1.00584814e+11 8.67502280e-277  1.01880610e+02
 3.18666667e+01 3.04806966e-274  1.00583934e+11 8.28533684e-278  1.01879718e+02
 3.19666667e+01 2.91114899e-275  1.00583053e+11 7.91315574e-279  1.01878827e+02
 3.20666667e+01 2.78037885e-276  1.00582173e+11 7.55769319e-280  1.01877935e+02
 3.21666667e+01 2.65548297e-277  1.00581293e+11 7.21819818e-281  1.01877044e+02
 3.22666667e+01 2.53619747e-278  1.00580413e+11 6.89395343e-282  1.01876152e+02
 3.23666667e+01 2.42227033e-279  1.00579532e+11 6.58427391e-283  1.01875261e+02
 3.24666667e+01 2.31346084e-280  1.00578652e+11 6.28850534e-284  1.01874369e+02
 3.25666667e+01 2.20953913e-281  1.00577772e+11 6.00602282e-285  1.01873478e+02
 3.26666667e+01 2.11028563e-282  1.00576892e+11 5.73622954e-286  1.01872586e+02
 3.27666667e+01 2.01549064e-283  1.00576012e+11 5.47855551e-287  1.01871694e+02
 3.28666667e+01 1.92495388e-284  1.00575132e+11 5.23245630e-288  1.01870803e+02
 3.29666667e+01 1.83848408e-285  1.00574251e+11 4.99741199e-289  1.01869911e+02
 3.30666667e+01 1.75589854e-286  1.00573371e+11 4.77292597e-290  1.01869020e+02
 3.31666667e+01 1.67702278e-287  1.00572491e+11 4.55852397e-291  1.01868129e+02
 3.32666667e+01 1.60169015e-288  1.00571611e+11 4.35375300e-292  1.01867237e+02
 3.33666667e+01 1.52974150e-289  1.00570731e+11 4.15818044e-293  1.01866346e+02
 3.34666667e+01 1.46102482e-290  1.00569851e+11 3.97139308e-294  1.01865454e+02
 3.35666667e+01 1.39539492e-291  1.00568971e+11 3.79299630e-295  1.01864563e+02
 3.36666667e+01 1.33271315e-292  1.00568090e+11 3.62261318e-296  1.01863671e+02
 3.37666667e+01 1.27284707e-293  1.00567210e+11 3.45988375e-297  1.01862780e+02
 3.38666667e+01 1.21567020e-294  1.00566330e+11 3.30446420e-298  1.01861888e+02
 3.39666667e+01 1.16106174e-295  1.00565450e+11 3.15602617e-299  1.01860997e+02
 3.40666667e+01 1.10890632e-296  1.00564570e+11 3.01425604e-300  1.01860106e+02
 3.41666667e+01 1.05909374e-297  1.00563690e+11 2.87885429e-301  1.01859214e+02
 3.42666667e+01 1.01151877e-298  1.00562810e+11 2.74953484e-302  1.01858323e+02
 3.43666667e+01 9.66080889e-300  1.00561930e+11 2.62602449e-303  1.01857431e+02
 3.44666667e+01 9.22684097e-301  1.00561050e+11 2.50806228e-304  1.01856540e+02
 3.45666667e+01 8.81236708e-302  1.00560170e+11 2.39539898e-305  1.01855649e+02
 3.46666667e+01 8.41651154e-303  1.00559290e+11 2.28779657e-306  1.01854757e+02
 3.47666667e+01 8.03843802e-304  1.00558410e+11 2.18502771e-307  1.01853866e+02
 3.48666667e+01 7.67734773e-305  1.00557530e+11 2.08687527e-308  1.01852975e+02
 3.49666667e+01 7.33247778e-306  1.00556650e+11 1.99313188e-309  1.01852083e+02
 3.50666667e+01 7.00309953e-307  1.00555770e+11 1.90359949e-310  1.01851192e+02
 3.51666667e+01 6.68851716e-308  1.00554890e+11 1.81808895e-311  1.01850300e+02
 3.52666667e+01 6.38806637e-309  1.00554010e+11 1.73641968e-312  1.01849409e+02
 3.53666667e+01 6.10113332e-310  1.00553130e+11 1.65842485e-313  1.01848518e+02
 3.54666667e+01 5.82684785e-311  1.00552250e+11 1.58386791e-314  1.01847627e+02
 3.55666667e+01 5.56513868e-312  1.00551370e+11 1.51272948e-315  1.01846735e+02
 3.56666667e+01 5.29528291e-313  1.00550490e+11 1.43937661e-316  1.01845844e+02
 3.57666667e+01 5.09161818e-314  1.00549610e+11 1.38401621e-317  1.01844953e+02
 3.58666667e+01 5.09161819e-315  1.00548730e+11 1.38401621e-318  1.01844061e+02
 3.59666667e+01  0.00000000e+00  1.00547850e+11  0.00000000e+00  1.01843170e+02
 3.60666667e+01  0.00000000e+00  1.00546970e+11  0.00000000e+00  1.01842279e+02
 3.61666667e+01  0.00000000e+00  1.00546090e+11  0.00000000e+00  1.01841388e+02
 3.62666667e+01  0.00000000e+00  1.00545210e+11  0.00000000e+00  1.01840496e+02
 3.63666667e+01  0.00000000e+00  1.00544331e+11  0.00000000e+00  1.01839605e+02
 3.64666667e+01  0.00000000e+00  1.00543451e+11  0.00000000e+00  1.01838714e+02
 3.65666667e+01  0.00000000e+00  1.00542571e+11  0.00000000e+00  1.01837823e+02
 3.66666667e+01  0.00000000e+00  1.00541691e+11  0.00000000e+00  1.01836932e+02
 3.67666667e+01  0.00000000e+00  1.00540811e+11  0.00000000e+00  1.01836040e+02
 3.68666667e+01  0.00000000e+00  1.00539931e+11  0.00000000e+00  1.01835149e+02
 3.69666667e+01  0.00000000e+00  1.00539051e+11  0.00000000e+00  1.01834258e+02
 3.70666667e+01  0.00000000e+00  1.00538171e+11  0.00000000e+00  1.01833367e+02
 3.71666667e+01  0.00000000e+00  1.00537292e+11  0.00000000e+00  1.01832476e+02
 3.72666667e+01  0.00000000e+00  1.00536412e+11  0.00000000e+00  1.01831584e+02
 3.73666667e+01  0.00000000e+00  1.00535532e+11  0.00000000e+00  1.01830693e+02
 3.74666667e+01  0.00000000e+00  1.00534652e+11  0.00000000e+00  1.01829802e+02
 3.75666667e+01  0.00000000e+00  1.00533772e+11  0.00000000e+00  1.01828911e+02
 3.76666667e+01  0.00000000e+00  1.00532893e+11  0.00000000e+00  1.01828020e+02
 3.77666667e+01  0.00000000e+00  1.00532013e+11  0.00000000e+00  1.01827129e+02
 3.78666667e+01  0.00000000e+00  1.00531133e+11  0.00000000e+00  1.01826238e+02
 3.79666667e+01  0.00000000e+00  1.00530253e+11  0.00000000e+00  1.01825347e+02
 3.80666667e+01  0.00000000e+00  1.00529373e+11  0.00000000e+00  1.01824455e+02
 3.81666667e+01  0.00000000e+00  1.00528494e+11  0.00000000e+00  1.01823564e+02
 3.82666667e+01  0.00000000e+00  1.00527614e+11  0.00000000e+00  1.01822673e+02
 3.83666667e+01  0.00000000e+00  1.00526734e+11  0.00000000e+00  1.01821782e+02
 3.84666667e+01  0.00000000e+00  1.00525854e+11  0.00000000e+00  1.01820891e+02
 3.85666667e+01  0.00000000e+00  1.00524975e+11  0.00000000e+00  1.01820000e+02
 3.86666667e+01  0.00000000e+00  1.00524095e+11  0.00000000e+00  1.01819109e+02
 3.87666667e+01  0.00000000e+00  1.00523215e+11  0.00000000e+00  1.01818218e+02
 3.88666667e+01  0.00000000e+00  1.00522336e+11  0.00000000e+00  1.01817327e+02
 3.89666667e+01  0.00000000e+00  1.00521456e+11  0.00000000e+00  1.01816436e+02
 3.90666667e+01  0.00000000e+00  1.00520576e+11  0.00000000e+00  1.01815545e+02
 3.91666667e+01  0.00000000e+00  1.00519697e+11  0.00000000e+00  1.01814654e+02
 3.92666667e+01  0.00000000e+00  1.00518817e+11  0.00000000e+00  1.01813763e+02
 3.93666667e+01  0.00000000e+00  1.00517937e+11  0.00000000e+00  1.01812872e+02
 3.94666667e+01  0.00000000e+00  1.00517058e+11  0.00000000e+00  1.01811981e+02
 3.95666667e+01  0.00000000e+00  1.00516178e+11  0.00000000e+00  1.01811090e+02
 3.96666667e+01  0.00000000e+00  1.00515298e+11  0.00000000e+00  1.01810199e+02
 3.97666667e+01  0.00000000e+00  1.00514419e+11  0.00000000e+00  1.01809308e+02
 3.98666667e+01  0.00000000e+00  1.00513539e+11  0.00000000e+00  1.01808417e+02
 3.99666667e+01  0.00000000e+00  1.00512659e+11  0.00000000e+00  1.01807526e+02
 4.00666667e+01  0.00000000e+00  1.00511780e+11  0.00000000e+00  1.01806635e+02
 4.01666667e+01  0.00000000e+00  1.00510900e+11  0.00000000e+00  1.01805744e+02
 4.02666667e+01  0.00000000e+00  1.00510021e+11  0.00000000e+00  1.01804853e+02
 4.03666667e+01  0.00000000e+00  1.00509141e+11  0.00000000e+00  1.01803962e+02
 4.04666667e+01  0.00000000e+00  1.00508261e+11  0.00000000e+00  1.01803071e+02
 4.05666667e+01  0.00000000e+00  1.00507382e+11  0.00000000e+00  1.01802180e+02
 4.06666667e+01  0.00000000e+00  1.00506502e+11  0.00000000e+00  1.01801290e+02
 4.07666667e+01  0.00000000e+00  1.00505623e+11  0.00000000e+00  1.01800399e+02
 4.08666667e+01  0.00000000e+00  1.00504743e+11  0.00000000e+00  1.01799508e+02
 4.09666667e+01  0.00000000e+00  1.00503864e+11  0.00000000e+00  1.01798617e+02
 4.10666667e+01  0.00000000e+00  1.00502984e+11  0.00000000e+00  1.01797726e+02
 4.11666667e+01  0.00000000e+00  1.00502104e+11  0.00000000e+00  1.01796835e+02
 4.12666667e+01  0.00000000e+00  1.00501225e+11  0.00000000e+00  1.01795944e+02
 4.13666667e+01  0.00000000e+00  1.00500345e+11  0.00000000e+00  1.01795053e+02
 4.14666667e+01  0.00000000e+00  1.00499466e+11  0.00000000e+00  1.01794163e+02
 4.15666667e+01  0.00000000e+00  1.00498586e+11  0.00000000e+00  1.01793272e+02
 4.16666667e+01  0.00000000e+00  1.00497707e+11  0.00000000e+00  1.01792381e+02
 4.17666667e+01  0.00000000e+00  1.00496827e+11  0.00000000e+00  1.01791490e+02
 4.18666667e+01  0.00000000e+00  1.00495948e+11  0.00000000e+00  1.01790599e+02
 4.19666667e+01  0.00000000e+00  1.00495069e+11  0.00000000e+00  1.01789709e+02
 4.20666667e+01  0.00000000e+00  1.00494189e+11  0.00000000e+00  1.01788818e+02
 4.21666667e+01  0.00000000e+00  1.00493310e+11  0.00000000e+00  1.01787927e+02
 4.22666667e+01  0.00000000e+00  1.00492430e+11  0.00000000e+00  1.01787036e+02
 4.23666667e+01  0.00000000e+00  1.00491551e+11  0.00000000e+00  1.01786145e+02
 4.24666667e+01  0.00000000e+00  1.00490671e+11  0.00000000e+00  1.01785255e+02
 4.25666667e+01  0.00000000e+00  1.00489792e+11  0.00000000e+00  1.01784364e+02
 4.26666667e+01  0.00000000e+00  1.00488912e+11  0.00000000e+00  1.01783473e+02
 4.27666667e+01  0.00000000e+00  1.00488033e+11  0.00000000e+00  1.01782582e+02
 4.28666667e+01  0.00000000e+00  1.00487154e+11  0.00000000e+00  1.01781692e+02
 4.29666667e+01  0.00000000e+00  1.00486274e+11  0.00000000e+00  1.01780801e+02
 4.30666667e+01  0.00000000e+00  1.00485395e+11  0.00000000e+00  1.01779910e+02
 4.31666667e+01  0.00000000e+00  1.00484516e+11  0.00000000e+00  1.01779020e+02
 4.32666667e+01  0.00000000e+00  1.00483636e+11  0.00000000e+00  1.01778129e+02
 4.33666667e+01  0.00000000e+00  1.00482757e+11  0.00000000e+00  1.01777238e+02
 4.34666667e+01  0.00000000e+00  1.00481877e+11  0.00000000e+00  1.01776348e+02
 4.35666667e+01  0.00000000e+00  1.00480998e+11  0.00000000e+00  1.01775457e+02
 4.36666667e+01  0.00000000e+00  1.00480119e+11  0.00000000e+00  1.01774566e+02
 4.37666667e+01  0.00000000e+00  1.00479239e+11  0.00000000e+00  1.01773676e+02
 4.38666667e+01  0.00000000e+00  1.00478360e+11  0.00000000e+00  1.01772785e+02
 4.39666667e+01  0.00000000e+00  1.00477481e+11  0.00000000e+00  1.01771894e+02
 4.40666667e+01  0.00000000e+00  1.00476601e+11  0.00000000e+00  1.01771004e+02
 4.41666667e+01  0.00000000e+00  1.00475722e+11  0.00000000e+00  1.01770113e+02
 4.42666667e+01  0.00000000e+00  1.00474843e+11  0.00000000e+00  1.01769222e+02
 4.43666667e+01  0.00000000e+00  1.00473964e+11  0.00000000e+00  1.01768332e+02
 4.44666667e+01  0.00000000e+00  1.00473084e+11  0.00000000e+00  1.01767441e+02
 4.45666667e+01  0.00000000e+00  1.00472205e+11  0.00000000e+00  1.01766551e+02
 4.46666667e+01  0.00000000e+00  1.00471326e+11  0.00000000e+00  1.01765660e+02
 4.47666667e+01  0.00000000e+00  1.00470447e+11  0.00000000e+00  1.01764769e+02
 4.48666667e+01  0.00000000e+00  1.00469567e+11  0.00000000e+00  1.01763879e+02
 4.49666667e+01  0.00000000e+00  1.00468688e+11  0.00000000e+00  1.01762988e+02
 4.50666667e+01  0.00000000e+00  1.00467809e+11  0.00000000e+00  1.01762098e+02
 4.51666667e+01  0.00000000e+00  1.00466930e+11  0.00000000e+00  1.01761207e+02
 4.52666667e+01  0.00000000e+00  1.00466050e+11  0.00000000e+00  1.01760317e+02
 4.53666667e+01  0.00000000e+00  1.00465171e+11  0.00000000e+00  1.01759426e+02
 4.54666667e+01  0.00000000e+00  1.00464292e+11  0.00000000e+00  1.01758536e+02
 4.55666667e+01  0.00000000e+00  1.00463413e+11  0.00000000e+00  1.01757645e+02
 4.56666667e+01  0.00000000e+00  1.00462534e+11  0.00000000e+00  1.01756755e+02
 4.57666667e+01  0.00000000e+00  1.00461654e+11  0.00000000e+00  1.01755864e+02
 4.58666667e+01  0.00000000e+00  1.00460775e+11  0.00000000e+00  1.01754974e+02
 4.59666667e+01  0.00000000e+00  1.00459896e+11  0.00000000e+00  1.01754083e+02
 4.60666667e+01  0.00000000e+00  1.00459017e+11  0.00000000e+00  1.01753193e+02
 4.61666667e+01  0.00000000e+00  1.00458138e+11  0.00000000e+00  1.01752302e+02
 4.62666667e+01  0.00000000e+00  1.00457259e+11  0.00000000e+00  1.01751412e+02
 4.63666667e+01  0.00000000e+00  1.00456380e+11  0.00000000e+00  1.01750521e+02
 4.64666667e+01  0.00000000e+00  1.00455500e+11  0.00000000e+00  1.01749631e+02
 4.65666667e+01  0.00000000e+00  1.00454621e+11  0.00000000e+00  1.01748740e+02
 4.66666667e+01  0.00000000e+00  1.00453742e+11  0.00000000e+00  1.01747850e+02
 4.67666667e+01  0.00000000e+00  1.00452863e+11  0.00000000e+00  1.01746959e+02
 4.68666667e+01  0.00000000e+00  1.00451984e+11  0.00000000e+00  1.01746069e+02
 4.69666667e+01  0.00000000e+00  1.00451105e+11  0.00000000e+00  1.01745179e+02
 4.70666667e+01  0.00000000e+00  1.00450226e+11  0.00000000e+00  1.01744288e+02
 4.71666667e+01  0.00000000e+00  1.00449347e+11  0.00000000e+00  1.01743398e+02
 4.72666667e+01  0.00000000e+00  1.00448468e+11  0.00000000e+00  1.01742507e+02
 4.73666667e+01  0.00000000e+00  1.00447589e+11  0.00000000e+00  1.01741617e+02
 4.74666667e+01  0.00000000e+00  1.00446710e+11  0.00000000e+00  1.01740727e+02
 4.75666667e+01  0.00000000e+00  1.00445831e+11  0.00000000e+00  1.01739836e+02
 4.76666667e+01  0.00000000e+00  1.00444952e+11  0.00000000e+00  1.01738946e+02
 4.77666667e+01  0.00000000e+00  1.00444073e+11  0.00000000e+00  1.01738056e+02
 4.78666667e+01  0.00000000e+00  1.00443194e+11  0.00000000e+00  1.01737165e+02
 4.79666667e+01  0.00000000e+00  1.00442315e+11  0.00000000e+00  1.01736275e+02
 4.80666667e+01  0.00000000e+00  1.00441436e+11  0.00000000e+00  1.01735385e+02
 4.81666667e+01  0.00000000e+00  1.00440557e+11  0.00000000e+00  1.01734494e+02
 4.82666667e+01  0.00000000e+00  1.00439678e+11  0.00000000e+00  1.01733604e+02
 4.83666667e+01  0.00000000e+00  1.00438799e+11  0.00000000e+00  1.01732714e+02
 4.84666667e+01  0.00000000e+00  1.00437920e+11  0.00000000e+00  1.01731823e+02
 4.85666667e+01  0.00000000e+00  1.00437041e+11  0.00000000e+00  1.01730933e+02
 4.86666667e+01  0.00000000e+00  1.00436162e+11  0.00000000e+00  1.01730043e+02
 4.87666667e+01  0.00000000e+00  1.00435283e+11  0.00000000e+00  1.01729153e+02
 4.88666667e+01  0.00000000e+00  1.00434404e+11  0.00000000e+00  1.01728262e+02
 4.89666667e+01  0.00000000e+00  1.00433525e+11  0.00000000e+00  1.01727372e+02
 4.90666667e+01  0.00000000e+00  1.00432646e+11  0.00000000e+00  1.01726482e+02
 4.91666667e+01  0.00000000e+00  1.00431767e+11  0.00000000e+00  1.01725592e+02
 4.92666667e+01  0.00000000e+00  1.00430888e+11  0.00000000e+00  1.01724701e+02
 4.93666667e+01  0.00000000e+00  1.00430009e+11  0.00000000e+00  1.01723811e+02
 4.94666667e+01  0.00000000e+00  1.00429130e+11  0.00000000e+00  1.01722921e+02
 4.95666667e+01  0.00000000e+00  1.00428252e+11  0.00000000e+00  1.01722031e+02
 4.96666667e+01  0.00000000e+00  1.00427373e+11  0.00000000e+00  1.01721141e+02
 4.97666667e+01  0.00000000e+00  1.00426494e+11  0.00000000e+00  1.01720250e+02
 4.98666667e+01  0.00000000e+00  1.00425615e+11  0.00000000e+00  1.01719360e+02
 4.99666667e+01  0.00000000e+00  1.00424736e+11  0.00000000e+00  1.01718470e+02
 5.00666667e+01  0.00000000e+00  1.00423857e+11  0.00000000e+00  1.01717580e+02
 5.01666667e+01  0.00000000e+00  1.00422978e+11  0.00000000e+00  1.01716690e+02
 5.02666667e+01  0.00000000e+00  1.00422100e+11  0.00000000e+00  1.01715800e+02
 5.03666667e+01  0.00000000e+00  1.00421221e+11  0.00000000e+00  1.01714909e+02
 5.04666667e+01  0.00000000e+00  1.00420342e+11  0.00000000e+00  1.01714019e+02
 5.05666667e+01  0.00000000e+00  1.00419463e+11  0.00000000e+00  1.01713129e+02
 5.06666667e+01  0.00000000e+00  1.00418584e+11  0.00000000e+00  1.01712239e+02
 5.07666667e+01  0.00000000e+00  1.00417706e+11  0.00000000e+00  1.01711349e+02
 5.08666667e+01  0.00000000e+00  1.00416827e+11  0.00000000e+00  1.01710459e+02
 5.09666667e+01  0.00000000e+00  1.00415948e+11  0.00000000e+00  1.01709569e+02
 5.10666667e+01  0.00000000e+00  1.00415069e+11  0.00000000e+00  1.01708679e+02
 5.11666667e+01  0.00000000e+00  1.00414190e+11  0.00000000e+00  1.01707789e+02
 5.12666667e+01  0.00000000e+00  1.00413312e+11  0.00000000e+00  1.01706899e+02
 5.13666667e+01  0.00000000e+00  1.00412433e+11  0.00000000e+00  1.01706008e+02
 5.14666667e+01  0.00000000e+00  1.00411554e+11  0.00000000e+00  1.01705118e+02
 5.15666667e+01  0.00000000e+00  1.00410676e+11  0.00000000e+00  1.01704228e+02
 5.16666667e+01  0.00000000e+00  1.00409797e+11  0.00000000e+00  1.01703338e+02
 5.17666667e+01  0.00000000e+00  1.00408918e+11  0.00000000e+00  1.01702448e+02
 5.18666667e+01  0.00000000e+00  1.00408039e+11  0.00000000e+00  1.01701558e+02
 5.19666667e+01  0.00000000e+00  1.00407161e+11  0.00000000e+00  1.01700668e+02
 5.20666667e+01  0.00000000e+00  1.00406282e+11  0.00000000e+00  1.01699778e+02
 5.21666667e+01  0.00000000e+00  1.00405403e+11  0.00000000e+00  1.01698888e+02
 5.22666667e+01  0.00000000e+00  1.00404525e+11  0.00000000e+00  1.01697998e+02
 5.23666667e+01  0.00000000e+00  1.00403646e+11  0.00000000e+00  1.01697108e+02
 5.24666667e+01  0.00000000e+00  1.00402767e+11  0.00000000e+00  1.01696218e+02
 5.25666667e+01  0.00000000e+00  1.00401889e+11  0.00000000e+00  1.01695328e+02
 5.26666667e+01  0.00000000e+00  1.00401010e+11  0.00000000e+00  1.01694438e+02
 5.27666667e+01  0.00000000e+00  1.00400131e+11  0.00000000e+00  1.01693548e+02
 5.28666667e+01  0.00000000e+00  1.00399253e+11  0.00000000e+00  1.01692658e+02
 5.29666667e+01  0.00000000e+00  1.00398374e+11  0.00000000e+00  1.01691768e+02
 5.30666667e+01  0.00000000e+00  1.00397496e+11  0.00000000e+00  1.01690879e+02
 5.31666667e+01  0.00000000e+00  1.00396617e+11  0.00000000e+00  1.01689989e+02
 5.32666667e+01  0.00000000e+00  1.00395738e+11  0.00000000e+00  1.01689099e+02
 5.33666667e+01  0.00000000e+00  1.00394860e+11  0.00000000e+00  1.01688209e+02
 5.34666667e+01  0.00000000e+00  1.00393981e+11  0.00000000e+00  1.01687319e+02
 5.35666667e+01  0.00000000e+00  1.00393103e+11  0.00000000e+00  1.01686429e+02
 5.36666667e+01  0.00000000e+00  1.00392224e+11  0.00000000e+00  1.01685539e+02
 5.37666667e+01  0.00000000e+00  1.00391345e+11  0.00000000e+00  1.01684649e+02
 5.38666667e+01  0.00000000e+00  1.00390467e+11  0.00000000e+00  1.01683759e+02
 5.39666667e+01  0.00000000e+00  1.00389588e+11  0.00000000e+00  1.01682870e+02
 5.40666667e+01  0.00000000e+00  1.00388710e+11  0.00000000e+00  1.01681980e+02
 5.41666667e+01  0.00000000e+00  1.00387831e+11  0.00000000e+00  1.01681090e+02
