# time Anum Bnum Aact Bact
# 609 5
# 609 5
 0.00000000e+00  0.00000000e+00  0.00000000e+00  0.00000000e+00  0.00000000e+00
 4.16666667e-02  6.43219185e+08  3.65240980e+08  1.74841398e+05  3.69946241e-01
 8.33333333e-02  8.84974186e+08  1.13194396e+09  2.40555828e+05  1.14652637e+00
 1.25000000e-01  9.75838205e+08  2.04953481e+09  2.65254706e+05  2.07593819e+00
 1.66666667e-01  1.00998960e+09  3.02383482e+09  2.74537820e+05  3.06278974e+00
 2.08333333e-01  1.02282546e+09  4.01944677e+09  2.78026894e+05  4.07122778e+00
 2.50000000e-01  1.02764983e+09  5.02306655e+09  2.79338269e+05  5.08777682e+00
 2.91666667e-01  1.02946308e+09  6.02969379e+09  2.79831151e+05  6.10737206e+00
 3.33333333e-01  1.03014460e+09  7.03744909e+09  2.80016401e+05  7.12810989e+00
 3.75000000e-01  1.03040075e+09  8.04562609e+09  2.80086028e+05  8.14927485e+00
 4.16666667e-01  1.03049702e+09  9.05395928e+09  2.80112197e+05  9.17059802e+00
 4.58333333e-01  1.03053320e+09  1.00623489e+10  2.80122033e+05  1.01919783e+01
 5.00000000e-01  1.03054680e+09  1.10707574e+10  2.80125730e+05  1.12133778e+01
 5.41666667e-01  1.03055192e+09  1.20791707e+10  2.80127119e+05  1.22347821e+01
 5.83333333e-01  1.03055384e+09  1.30875836e+10  2.80127642e+05  1.32561860e+01
 6.25000000e-01  1.03055456e+09  1.40959939e+10  2.80127838e+05  1.42775873e+01
 6.66666667e-01  1.03055483e+09  1.51044011e+10  2.80127912e+05  1.52989853e+01
 7.08333333e-01  1.03055493e+09  1.61128047e+10  2.80127939e+05  1.63203799e+01
 7.50000000e-01  1.03055497e+09  1.71212047e+10  2.80127950e+05  1.73417707e+01
 7.91666667e-01  1.03055498e+09  1.81296010e+10  2.80127954e+05  1.83631579e+01
 8.33333333e-01  1.03055499e+09  1.91379937e+10  2.80127955e+05  1.93845413e+01
 8.75000000e-01  1.03055499e+09  2.01463828e+10  2.80127956e+05  2.04059210e+01
 9.16666667e-01  1.03055499e+09  2.11547681e+10  2.80127956e+05  2.14272970e+01
 9.58333333e-01  1.03055499e+09  2.21631498e+10  2.80127956e+05  2.24486693e+01
 1.00000000e+00  1.03055499e+09  2.31715278e+10  2.80127956e+05  2.34700378e+01
 1.04166667e+00  1.03055499e+09  2.41799021e+10  2.80127956e+05  2.44914026e+01
 1.08333333e+00  1.03055499e+09  2.51882727e+10  2.80127956e+05  2.55127637e+01
 1.12500000e+00  1.03055499e+09  2.61966397e+10  2.80127956e+05  2.65341211e+01
 1.16666667e+00  1.03055499e+09  2.72050029e+10  2.80127956e+05  2.75554747e+01
 1.20833333e+00  1.03055499e+09  2.82133625e+10  2.80127956e+05  2.85768246e+01
 1.25000000e+00  1.03055499e+09  2.92217185e+10  2.80127956e+05  2.95981708e+01
 1.29166667e+00  1.03055499e+09  3.02300707e+10  2.80127956e+05  3.06195133e+01
 1.33333333e+00  1.03055499e+09  3.12384193e+10  2.80127956e+05  3.16408521e+01
 1.37500000e+00  1.03055499e+09  3.22467642e+10  2.80127956e+05  3.26621871e+01
 1.41666667e+00  1.03055499e+09  3.32551054e+10  2.80127956e+05  3.36835184e+01
 1.45833333e+00  1.03055499e+09  3.42634429e+10  2.80127956e+05  3.47048460e+01
 1.50000000e+00  1.03055499e+09  3.52717768e+10  2.80127956e+05  3.57261698e+01
 1.54166667e+00  1.03055499e+09  3.62801070e+10  2.80127956e+05  3.67474899e+01
 1.58333333e+00  1.03055499e+09  3.72884335e+10  2.80127956e+05  3.77688063e+01
 1.62500000e+00  1.03055499e+09  3.82967564e+10  2.80127956e+05  3.87901190e+01
 1.66666667e+00  1.03055499e+09  3.93050755e+10  2.80127956e+05  3.98114280e+01
 1.70833333e+00  1.03055499e+09  4.03133910e+10  2.80127956e+05  4.08327332e+01
 1.75000000e+00  1.03055499e+09  4.13217028e+10  2.80127956e+05  4.18540347e+01
 1.79166667e+00  1.03055499e+09  4.23300109e+10  2.80127956e+05  4.28753325e+01
 1.83333333e+00  1.03055499e+09  4.33383154e+10  2.80127956e+05  4.38966265e+01
 1.87500000e+00  1.03055499e+09  4.43466162e+10  2.80127956e+05  4.49179169e+01
 1.91666667e+00  1.03055499e+09  4.53549133e+10  2.80127956e+05  4.59392035e+01
 1.95833333e+00  1.03055499e+09  4.63632067e+10  2.80127956e+05  4.69604864e+01
 2.00000000e+00  1.03055499e+09  4.73714964e+10  2.80127956e+05  4.79817655e+01
 2.04166667e+00  1.03055499e+09  4.83797825e+10  2.80127956e+05  4.90030410e+01
 2.08333333e+00  1.03055499e+09  4.93880649e+10  2.80127956e+05  5.00243127e+01
 2.12500000e+00  1.03055499e+09  5.03963436e+10  2.80127956e+05  5.10455807e+01
 2.16666667e+00  1.03055499e+09  5.14046186e+10  2.80127956e+05  5.20668449e+01
 2.20833333e+00  1.03055499e+09  5.24128900e+10  2.80127956e+05  5.30881055e+01
 2.25000000e+00  1.03055499e+09  5.34211577e+10  2.80127956e+05  5.41093623e+01
 2.29166667e+00  1.03055499e+09  5.44294217e+10  2.80127956e+05  5.51306154e+01
 2.33333333e+00  1.03055499e+09  5.54376820e+10  2.80127956e+05  5.61518648e+01
 2.37500000e+00  1.03055499e+09  5.64459387e+10  2.80127956e+05  5.71731104e+01
 2.41666667e+00  1.03055499e+09  5.74541917e+10  2.80127956e+05  5.81943523e+01
 2.45833333e+00  1.03055499e+09  5.84624410e+10  2.80127956e+05  5.92155905e+01
 2.50000000e+00  1.03055499e+09  5.94706866e+10  2.80127956e+05  6.02368250e+01
 2.54166667e+00  1.03055499e+09  6.04789286e+10  2.80127956e+05  6.12580558e+01
 2.58333333e+00  1.03055499e+09  6.14871668e+10  2.80127956e+05  6.22792828e+01
 2.62500000e+00  1.03055499e+09  6.24954014e+10  2.80127956e+05  6.33005061e+01
 2.66666667e+00  1.03055499e+09  6.35036324e+10  2.80127956e+05  6.43217257e+01
 2.70833333e+00  1.03055499e+09  6.45118596e+10  2.80127956e+05  6.53429415e+01
 2.75000000e+00  1.03055499e+09  6.55200832e+10  2.80127956e+05  6.63641537e+01
 2.79166667e+00  1.03055499e+09  6.65283031e+10  2.80127956e+05  6.73853621e+01
 2.83333333e+00  1.03055499e+09  6.75365193e+10  2.80127956e+05  6.84065668e+01
 2.87500000e+00  1.03055499e+09  6.85447318e+10  2.80127956e+05  6.94277677e+01
 2.91666667e+00  1.03055499e+09  6.95529407e+10  2.80127956e+05  7.04489650e+01
 2.95833333e+00  1.03055499e+09  7.05611459e+10  2.80127956e+05  7.14701585e+01
 3.00000000e+00  1.03055499e+09  7.15693474e+10  2.80127956e+05  7.24913483e+01
 3.04166667e+00  1.03055499e+09  7.25775452e+10  2.80127956e+05  7.35125343e+01
 3.08333333e+00  1.03055499e+09  7.35857394e+10  2.80127956e+05  7.45337167e+01
 3.12500000e+00  1.03055499e+09  7.45939299e+10  2.80127956e+05  7.55548953e+01
 3.16666667e+00  1.03055499e+09  7.56021167e+10  2.80127956e+05  7.65760702e+01
 3.20833333e+00  1.03055499e+09  7.66102998e+10  2.80127956e+05  7.75972414e+01
 3.25000000e+00  1.03055499e+09  7.76184793e+10  2.80127956e+05  7.86184088e+01
 3.29166667e+00  1.03055499e+09  7.86266550e+10  2.80127956e+05  7.96395726e+01
 3.33333333e+00  1.03055499e+09  7.96348271e+10  2.80127956e+05  8.06607326e+01
 3.37500000e+00  1.03055499e+09  8.06429956e+10  2.80127956e+05  8.16818888e+01
 3.41666667e+00  1.03055499e+09  8.16511603e+10  2.80127956e+05  8.27030414e+01
 3.45833333e+00  1.03055499e+09  8.26593214e+10  2.80127956e+05  8.37241902e+01
 3.50000000e+00  1.03055499e+09  8.36674788e+10  2.80127956e+05  8.47453353e+01
 3.54166667e+00  1.03055499e+09  8.46756325e+10  2.80127956e+05  8.57664767e+01
 3.58333333e+00  1.03055499e+09  8.56837825e+10  2.80127956e+05  8.67876144e+01
 3.62500000e+00  1.03055499e+09  8.66919289e+10  2.80127956e+05  8.78087483e+01
 3.66666667e+00  1.03055499e+09  8.77000716e+10  2.80127956e+05  8.88298785e+01
 3.70833333e+00  1.03055499e+09  8.87082106e+10  2.80127956e+05  8.98510050e+01
 3.75000000e+00  1.03055499e+09  8.97163460e+10  2.80127956e+05  9.08721278e+01
 3.79166667e+00  1.03055499e+09  9.07244776e+10  2.80127956e+05  9.18932468e+01
 3.83333333e+00  1.03055499e+09  9.17326056e+10  2.80127956e+05  9.29143621e+01
 3.87500000e+00  1.03055499e+09  9.27407299e+10  2.80127956e+05  9.39354737e+01
 3.91666667e+00  1.03055499e+09  9.37488506e+10  2.80127956e+05  9.49565816e+01
 3.95833333e+00  1.03055499e+09  9.47569675e+10  2.80127956e+05  9.59776858e+01
 4.00000000e+00  1.03055499e+09  9.57650808e+10  2.80127956e+05  9.69987862e+01
 4.04166667e+00  1.03055499e+09  9.67731904e+10  2.80127956e+05  9.80198829e+01
 4.08333333e+00  1.03055499e+09  9.77812963e+10  2.80127956e+05  9.90409759e+01
 4.12500000e+00  1.03055499e+09  9.87893986e+10  2.80127956e+05  1.00062065e+02
 4.16666667e+00  1.03055499e+09  9.97974972e+10  2.80127956e+05  1.01083151e+02
 4.16666667e+00  1.03055499e+09  9.97974972e+10  2.80127956e+05  1.01083151e+02
 4.20833333e+00  3.87335809e+08  1.00440351e+11  1.05286558e+05  1.01734286e+02
 4.25000000e+00  1.45580808e+08  1.00681739e+11  3.95721281e+04  1.01978784e+02
 4.29166667e+00  5.47167888e+07  1.00772236e+11  1.48732502e+04  1.02070447e+02
 4.33333333e+00  2.05653961e+07  1.00806020e+11  5.59013582e+03  1.02104666e+02
 4.37500000e+00  7.72953834e+06  1.00818488e+11  2.10106185e+03  1.02117295e+02
 4.41666667e+00  2.90515984e+06  1.00822945e+11  7.89687590e+02  1.02121809e+02
 4.41666667e+00  2.90515984e+06  0.00000000e+00  7.89687590e+02  0.00000000e+00
 4.51666667e+00  2.77465874e+05  2.62767834e+06  7.54214464e+01  2.66152972e-03
 4.61666667e+00  2.65001981e+04  2.87861952e+06  7.20334808e+00  2.91570369e-03
 4.71666667e+00  2.53097972e+03  2.90256341e+06  6.87977041e-01  2.93995604e-03
 4.81666667e+00  2.41728696e+02  2.90482724e+06  6.57072799e-02  2.94224904e-03
 4.91666667e+00  2.30870133e+01  2.90502046e+06  6.27556791e-03  2.94244474e-03
 5.01666667e+00  2.20499342e+00  2.90501592e+06  5.99366654e-04  2.94244015e-03
 5.11666667e+00  2.10594411e-01  2.90499249e+06  5.72442832e-05  2.94241642e-03
 5.21666667e+00  2.01134414e-02  2.90496726e+06  5.46728440e-06  2.94239086e-03
 5.31666667e+00  1.92099365e-03  2.90494186e+06  5.22169150e-07  2.94236513e-03
 5.41666667e+00  1.83470174e-04  2.90491644e+06  4.98713074e-08  2.94233938e-03
 5.51666667e+00  1.75228611e-05  2.90489102e+06  4.76310656e-09  2.94231363e-03
 5.61666667e+00  1.67357262e-06  2.90486559e+06  4.54914565e-10  2.94228788e-03
 5.71666667e+00  1.59839498e-07  2.90484017e+06  4.34479596e-11  2.94226213e-03
 5.81666667e+00  1.52659435e-08  2.90481475e+06  4.14962575e-12  2.94223638e-03
 5.91666667e+00  1.45801903e-09  2.90478933e+06  3.96322268e-13  2.94221064e-03
 6.01666667e+00  1.39252416e-10  2.90476391e+06  3.78519291e-14  2.94218489e-03
 6.11666667e+00  1.32997134e-11  2.90473849e+06  3.61516033e-15  2.94215914e-03
 6.21666667e+00  1.27022842e-12  2.90471307e+06  3.45276568e-16  2.94213339e-03
 6.31666667e+00  1.21316918e-13  2.90468765e+06  3.29766588e-17  2.94210765e-03
 6.41666667e+00  1.15867307e-14  2.90466223e+06  3.14953323e-18  2.94208190e-03
 6.51666667e+00  1.10662495e-15  2.90463681e+06  3.00805477e-19  2.94205615e-03
 6.61666667e+00  1.05691486e-16  2.90461139e+06  2.87293158e-20  2.94203040e-03
 6.71666667e+00  1.00943776e-17  2.90458597e+06  2.74387819e-21  2.94200466e-03
 6.81666667e+00  9.64093358e-19  2.90456055e+06  2.62062193e-22  2.94197891e-03
 6.91666667e+00  9.20785846e-20  2.90453514e+06  2.50290240e-23  2.94195317e-03
 7.01666667e+00  8.79423727e-21  2.90450972e+06  2.39047089e-24  2.94192742e-03
 7.11666667e+00  8.39919614e-22  2.90448430e+06  2.28308985e-25  2.94190167e-03
 7.21666667e+00  8.02190043e-23  2.90445888e+06  2.18053242e-26  2.94187593e-03
 7.31666667e+00  7.66155302e-24  2.90443346e+06  2.08258191e-27  2.94185018e-03
 7.41666667e+00  7.31739257e-25  2.90440805e+06  1.98903139e-28  2.94182444e-03
 7.51666667e+00  6.98869197e-26  2.90438263e+06  1.89968319e-29  2.94179869e-03
 7.61666667e+00  6.67475676e-27  2.90435721e+06  1.81434856e-30  2.94177295e-03
 7.71666667e+00  6.37492365e-28  2.90433180e+06  1.73284720e-31  2.94174721e-03
 7.81666667e+00  6.08855918e-29  2.90430638e+06  1.65500691e-32  2.94172146e-03
 7.91666667e+00  5.81505834e-30  2.90428096e+06  1.58066325e-33  2.94169572e-03
 8.01666667e+00  5.55384327e-31  2.90425555e+06  1.50965914e-34  2.94166997e-03
 8.11666667e+00  5.30436211e-32  2.90423013e+06  1.44184456e-35  2.94164423e-03
 8.21666667e+00  5.06608775e-33  2.90420471e+06  1.37707625e-36  2.94161849e-03
 8.31666667e+00  4.83851679e-34  2.90417930e+06  1.31521736e-37  2.94159274e-03
 8.41666667e+00  4.62116842e-35  2.90415388e+06  1.25613720e-38  2.94156700e-03
 8.51666667e+00  4.41358343e-36  2.90412847e+06  1.19971095e-39  2.94154126e-03
 8.61666667e+00  4.21532326e-37  2.90410305e+06  1.14581938e-40  2.94151552e-03
 8.71666667e+00  4.02596902e-38  2.90407764e+06  1.09434866e-41  2.94148978e-03
 8.81666667e+00  3.84512066e-39  2.90405222e+06  1.04519002e-42  2.94146403e-03
 8.91666667e+00  3.67239609e-40  2.90402681e+06  9.98239607e-44  2.94143829e-03
 9.01666667e+00  3.50743039e-41  2.90400140e+06  9.53398231e-45  2.94141255e-03
 9.11666667e+00  3.34987503e-42  2.90397598e+06  9.10571149e-46  2.94138681e-03
 9.21666667e+00  3.19939712e-43  2.90395057e+06  8.69667879e-47  2.94136107e-03
 9.31666667e+00  3.05567875e-44  2.90392516e+06  8.30602003e-48  2.94133533e-03
 9.41666667e+00  2.91841627e-45  2.90389974e+06  7.93290983e-49  2.94130959e-03
 9.51666667e+00  2.78731968e-46  2.90387433e+06  7.57655992e-50  2.94128385e-03
 9.61666667e+00  2.66211202e-47  2.90384892e+06  7.23621740e-51  2.94125811e-03
 9.71666667e+00  2.54252873e-48  2.90382351e+06  6.91116323e-52  2.94123237e-03
 9.81666667e+00  2.42831719e-49  2.90379809e+06  6.60071064e-53  2.94120663e-03
 9.91666667e+00  2.31923608e-50  2.90377268e+06  6.30420371e-54  2.94118089e-03
 1.00166667e+01  2.21505494e-51  2.90374727e+06  6.02101602e-55  2.94115515e-03
 1.01166667e+01  2.11555366e-52  2.90372186e+06  5.75054924e-56  2.94112941e-03
 1.02166667e+01  2.02052203e-53  2.90369645e+06  5.49223196e-57  2.94110367e-03
 1.03166667e+01  1.92975926e-54  2.90367104e+06  5.24551840e-58  2.94107793e-03
 1.04166667e+01  1.84307360e-55  2.90364563e+06  5.00988733e-59  2.94105220e-03
 1.05166667e+01  1.76028190e-56  2.90362021e+06  4.78484092e-60  2.94102646e-03
 1.06166667e+01  1.68120923e-57  2.90359480e+06  4.56990369e-61  2.94100072e-03
 1.07166667e+01  1.60568855e-58  2.90356939e+06  4.36462154e-62  2.94097498e-03
 1.08166667e+01  1.53356029e-59  2.90354398e+06  4.16856075e-63  2.94094925e-03
 1.09166667e+01  1.46467207e-60  2.90351857e+06  3.98130711e-64  2.94092351e-03
 1.10166667e+01  1.39887833e-61  2.90349317e+06  3.80246499e-65  2.94089777e-03
 1.11166667e+01  1.33604008e-62  2.90346776e+06  3.63165653e-66  2.94087204e-03
 1.12166667e+01  1.27602455e-63  2.90344235e+06  3.46852087e-67  2.94084630e-03
 1.13166667e+01  1.21870495e-64  2.90341694e+06  3.31271334e-68  2.94082056e-03
 1.14166667e+01  1.16396017e-65  2.90339153e+06  3.16390475e-69  2.94079483e-03
 1.15166667e+01  1.11167455e-66  2.90336612e+06  3.02178071e-70  2.94076909e-03
 1.16166667e+01  1.06173762e-67  2.90334071e+06  2.88604095e-71  2.94074336e-03
 1.17166667e+01  1.01404389e-68  2.90331531e+06  2.75639867e-72  2.94071762e-03
 1.18166667e+01  9.68492576e-70  2.90328990e+06  2.63257999e-73  2.94069189e-03
 1.19166667e+01  9.24987449e-71  2.90326449e+06  2.51432330e-74  2.94066615e-03
 1.20166667e+01  8.83436593e-72  2.90323908e+06  2.40137876e-75  2.94064042e-03
 1.21166667e+01  8.43752219e-73  2.90321368e+06  2.29350773e-76  2.94061468e-03
 1.22166667e+01  8.05850486e-74  2.90318827e+06  2.19048232e-77  2.94058895e-03
 1.23166667e+01  7.69651316e-75  2.90316286e+06  2.09208486e-78  2.94056321e-03
 1.24166667e+01  7.35078229e-76  2.90313746e+06  1.99810746e-79  2.94053748e-03
 1.25166667e+01  7.02058181e-77  2.90311205e+06  1.90835156e-80  2.94051175e-03
 1.26166667e+01  6.70521409e-78  2.90308664e+06  1.82262754e-81  2.94048601e-03
 1.27166667e+01  6.40401282e-79  2.90306124e+06  1.74075429e-82  2.94046028e-03
 1.28166667e+01  6.11634166e-80  2.90303583e+06  1.66255881e-83  2.94043455e-03
 1.29166667e+01  5.84159281e-81  2.90301043e+06  1.58787592e-84  2.94040882e-03
 1.30166667e+01  5.57918581e-82  2.90298502e+06  1.51654781e-85  2.94038308e-03
 1.31166667e+01  5.32856624e-83  2.90295962e+06  1.44842379e-86  2.94035735e-03
 1.32166667e+01  5.08920463e-84  2.90293421e+06  1.38335994e-87  2.94033162e-03
 1.33166667e+01  4.86059524e-85  2.90290881e+06  1.32121878e-88  2.94030589e-03
 1.34166667e+01  4.64225510e-86  2.90288340e+06  1.26186903e-89  2.94028016e-03
 1.35166667e+01  4.43372289e-87  2.90285800e+06  1.20518530e-90  2.94025442e-03
 1.36166667e+01  4.23455804e-88  2.90283260e+06  1.15104783e-91  2.94022869e-03
 1.37166667e+01  4.04433977e-89  2.90280719e+06  1.09934224e-92  2.94020296e-03
 1.38166667e+01  3.86266619e-90  2.90278179e+06  1.04995929e-93  2.94017723e-03
 1.39166667e+01  3.68915347e-91  2.90275639e+06  1.00279464e-94  2.94015150e-03
 1.40166667e+01  3.52343502e-92  2.90273098e+06  9.57748646e-96  2.94012577e-03
 1.41166667e+01  3.36516071e-93  2.90270558e+06  9.14726142e-97  2.94010004e-03
 1.42166667e+01  3.21399617e-94  2.90268018e+06  8.73636228e-98  2.94007431e-03
 1.43166667e+01  3.06962200e-95  2.90265478e+06  8.34392091e-99  2.94004858e-03
 1.44166667e+01  2.93173318e-96  2.90262938e+06 7.96910819e-100  2.94002285e-03
 1.45166667e+01  2.80003840e-97  2.90260397e+06 7.61113223e-101  2.93999713e-03
 1.46166667e+01  2.67425940e-98  2.90257857e+06 7.26923671e-102  2.93997140e-03
 1.47166667e+01  2.55413045e-99  2.90255317e+06 6.94269930e-103  2.93994567e-03
 1.48166667e+01 2.43939775e-100  2.90252777e+06 6.63083009e-104  2.93991994e-03
 1.49166667e+01 2.32981889e-101  2.90250237e+06 6.33297019e-105  2.93989421e-03
 1.50166667e+01 2.22516237e-102  2.90247697e+06 6.04849029e-106  2.93986848e-03
 1.51166667e+01 2.12520707e-103  2.90245157e+06 5.77678936e-107  2.93984276e-03
 1.52166667e+01 2.02974180e-104  2.90242617e+06 5.51729335e-108  2.93981703e-03
 1.53166667e+01 1.93856488e-105  2.90240077e+06 5.26945403e-109  2.93979130e-03
 1.54166667e+01 1.85148366e-106  2.90237537e+06 5.03274776e-110  2.93976558e-03
 1.55166667e+01 1.76831417e-107  2.90234997e+06 4.80667444e-111  2.93973985e-03
 1.56166667e+01 1.68888070e-108  2.90232457e+06 4.59075644e-112  2.93971412e-03
 1.57166667e+01 1.61301541e-109  2.90229917e+06 4.38453758e-113  2.93968840e-03
 1.58166667e+01 1.54055802e-110  2.90227377e+06 4.18758216e-114  2.93966267e-03
 1.59166667e+01 1.47135546e-111  2.90224837e+06 3.99947406e-115  2.93963694e-03
 1.60166667e+01 1.40526150e-112  2.90222298e+06 3.81981587e-116  2.93961122e-03
 1.61166667e+01 1.34213652e-113  2.90219758e+06 3.64822801e-117  2.93958549e-03
 1.62166667e+01 1.28184713e-114  2.90217218e+06 3.48434795e-118  2.93955977e-03
 1.63166667e+01 1.22426598e-115  2.90214678e+06 3.32782945e-119  2.93953404e-03
 1.64166667e+01 1.16927139e-116  2.90212138e+06 3.17834184e-120  2.93950832e-03
 1.65166667e+01 1.11674719e-117  2.90209599e+06 3.03556928e-121  2.93948259e-03
 1.66166667e+01 1.06658240e-118  2.90207059e+06 2.89921013e-122  2.93945687e-03
 1.67166667e+01 1.01867103e-119  2.90204519e+06 2.76897629e-123  2.93943115e-03
 1.68166667e+01 9.72911868e-121  2.90201980e+06 2.64459262e-124  2.93940542e-03
 1.69166667e+01 9.29208225e-122  2.90199440e+06 2.52579632e-125  2.93937970e-03
 1.70166667e+01 8.87467769e-123  2.90196900e+06 2.41233640e-126  2.93935398e-03
 1.71166667e+01 8.47602313e-124  2.90194361e+06 2.30397315e-127  2.93932825e-03
 1.72166667e+01 8.09527632e-125  2.90191821e+06 2.20047763e-128  2.93930253e-03
 1.73166667e+01 7.73163283e-126  2.90189282e+06 2.10163118e-129  2.93927681e-03
 1.74166667e+01 7.38432437e-127  2.90186742e+06 2.00722495e-130  2.93925108e-03
 1.75166667e+01 7.05261716e-128  2.90184203e+06 1.91705949e-131  2.93922536e-03
 1.76166667e+01 6.73581040e-129  2.90181663e+06 1.83094431e-132  2.93919964e-03
 1.77166667e+01 6.43323473e-130  2.90179124e+06 1.74869746e-133  2.93917392e-03
 1.78166667e+01 6.14425090e-131  2.90176584e+06 1.67014517e-134  2.93914820e-03
 1.79166667e+01 5.86824836e-132  2.90174045e+06 1.59512149e-135  2.93912248e-03
 1.80166667e+01 5.60464398e-133  2.90171506e+06 1.52346791e-136  2.93909675e-03
 1.81166667e+01 5.35288082e-134  2.90168966e+06 1.45503304e-137  2.93907103e-03
 1.82166667e+01 5.11242698e-135  2.90166427e+06 1.38967229e-138  2.93904531e-03
 1.83166667e+01 4.88277444e-136  2.90163887e+06 1.32724758e-139  2.93901959e-03
 1.84166667e+01 4.66343799e-137  2.90161348e+06 1.26762702e-140  2.93899387e-03
 1.85166667e+01 4.45395424e-138  2.90158809e+06 1.21068464e-141  2.93896815e-03
 1.86166667e+01 4.25388059e-139  2.90156270e+06 1.15630013e-142  2.93894243e-03
 1.87166667e+01 4.06279434e-140  2.90153730e+06 1.10435861e-143  2.93891671e-03
 1.88166667e+01 3.88029177e-141  2.90151191e+06 1.05475031e-144  2.93889099e-03
 1.89166667e+01 3.70598730e-142  2.90148652e+06 1.00737045e-145  2.93886528e-03
 1.90166667e+01 3.53951267e-143  2.90146113e+06 9.62118913e-147  2.93883956e-03
 1.91166667e+01 3.38051615e-144  2.90143574e+06 9.18900094e-148  2.93881384e-03
 1.92166667e+01 3.22866183e-145  2.90141035e+06 8.77622684e-149  2.93878812e-03
 1.93166667e+01 3.08362887e-146  2.90138495e+06 8.38199475e-150  2.93876240e-03
 1.94166667e+01 2.94511086e-147  2.90135956e+06 8.00547173e-151  2.93873668e-03
 1.95166667e+01 2.81281515e-148  2.90133417e+06 7.64586230e-152  2.93871097e-03
 1.96166667e+01 2.68646221e-149  2.90130878e+06 7.30240669e-153  2.93868525e-03
 1.97166667e+01 2.56578511e-150  2.90128339e+06 6.97437927e-154  2.93865953e-03
 1.98166667e+01 2.45052887e-151  2.90125800e+06 6.66108698e-155  2.93863381e-03
 1.99166667e+01 2.34045000e-152  2.90123261e+06 6.36186793e-156  2.93860810e-03
 2.00166667e+01 2.23531593e-153  2.90120722e+06 6.07608993e-157  2.93858238e-03
 2.01166667e+01 2.13490452e-154  2.90118183e+06 5.80314921e-158  2.93855666e-03
 2.02166667e+01 2.03900364e-155  2.90115645e+06 5.54246911e-159  2.93853095e-03
 2.03166667e+01 1.94741067e-156  2.90113106e+06 5.29349888e-160  2.93850523e-03
 2.04166667e+01 1.85993210e-157  2.90110567e+06 5.05571250e-161  2.93847952e-03
 2.05166667e+01 1.77638310e-158  2.90108028e+06 4.82860760e-162  2.93845380e-03
 2.06166667e+01 1.69658716e-159  2.90105489e+06 4.61170435e-163  2.93842809e-03
 2.07166667e+01 1.62037570e-160  2.90102950e+06 4.40454450e-164  2.93840237e-03
 2.08166667e+01 1.54758769e-161  2.90100412e+06 4.20669036e-165  2.93837666e-03
 2.09166667e+01 1.47806934e-162  2.90097873e+06 4.01772391e-166  2.93835094e-03
 2.10166667e+01 1.41167380e-163  2.90095334e+06 3.83724593e-167  2.93832523e-03
 2.11166667e+01 1.34826077e-164  2.90092795e+06 3.66487510e-168  2.93829951e-03
 2.12166667e+01 1.28769628e-165  2.90090257e+06 3.50024724e-169  2.93827380e-03
 2.13166667e+01 1.22985238e-166  2.90087718e+06 3.34301455e-170  2.93824809e-03
 2.14166667e+01 1.17460685e-167  2.90085179e+06 3.19284481e-171  2.93822237e-03
 2.15166667e+01 1.12184298e-168  2.90082641e+06 3.04942077e-172  2.93819666e-03
 2.16166667e+01 1.07144928e-169  2.90080102e+06 2.91243941e-173  2.93817095e-03
 2.17166667e+01 1.02331929e-170  2.90077564e+06 2.78161130e-174  2.93814523e-03
 2.18166667e+01 9.77351325e-172  2.90075025e+06 2.65666006e-175  2.93811952e-03
 2.19166667e+01 9.33448260e-173  2.90072487e+06 2.53732168e-176  2.93809381e-03
 2.20166667e+01 8.91517340e-174  2.90069948e+06 2.42334404e-177  2.93806810e-03
 2.21166667e+01 8.51469976e-175  2.90067410e+06 2.31448633e-178  2.93804239e-03
 2.22166667e+01 8.13221557e-176  2.90064871e+06 2.21051855e-179  2.93801667e-03
 2.23166667e+01 7.76691275e-177  2.90062333e+06 2.11122105e-180  2.93799096e-03
 2.24166667e+01 7.41801950e-178  2.90059794e+06 2.01638404e-181  2.93796525e-03
 2.25166667e+01 7.08479870e-179  2.90057256e+06 1.92580715e-182  2.93793954e-03
 2.26166667e+01 6.76654632e-180  2.90054718e+06 1.83929902e-183  2.93791383e-03
 2.27166667e+01 6.46258998e-181  2.90052179e+06 1.75667687e-184  2.93788812e-03
 2.28166667e+01 6.17228750e-182  2.90049641e+06 1.67776615e-185  2.93786241e-03
 2.29166667e+01 5.89502554e-183  2.90047103e+06 1.60240013e-186  2.93783670e-03
 2.30166667e+01 5.63021832e-184  2.90044564e+06 1.53041959e-187  2.93781099e-03
 2.31166667e+01 5.37730635e-185  2.90042026e+06 1.46167245e-188  2.93778528e-03
 2.32166667e+01 5.13575531e-186  2.90039488e+06 1.39601346e-189  2.93775957e-03
 2.33166667e+01 4.90505485e-187  2.90036950e+06 1.33330390e-190  2.93773386e-03
 2.34166667e+01 4.68471755e-188  2.90034411e+06 1.27341128e-191  2.93770815e-03
 2.35166667e+01 4.47427791e-189  2.90031873e+06 1.21620907e-192  2.93768244e-03
 2.36166667e+01 4.27329131e-190  2.90029335e+06 1.16157640e-193  2.93765674e-03
 2.37166667e+01 4.08133313e-191  2.90026797e+06 1.10939786e-194  2.93763103e-03
 2.38166667e+01 3.89799779e-192  2.90024259e+06 1.05956321e-195  2.93760532e-03
 2.39166667e+01 3.72289796e-193  2.90021721e+06 1.01196715e-196  2.93757961e-03
 2.40166667e+01 3.55566369e-194  2.90019183e+06 9.66509122e-198  2.93755390e-03
 2.41166667e+01 3.39594166e-195  2.90016645e+06 9.23093093e-199  2.93752820e-03
 2.42166667e+01 3.24339442e-196  2.90014107e+06 8.81627331e-200  2.93750249e-03
 2.43166667e+01 3.09769967e-197  2.90011569e+06 8.42024231e-201  2.93747678e-03
 2.44166667e+01 2.95854959e-198  2.90009031e+06 8.04200120e-202  2.93745108e-03
 2.45166667e+01 2.82565020e-199  2.90006493e+06 7.68075085e-203  2.93742537e-03
 2.46166667e+01 2.69872071e-200  2.90003955e+06 7.33572803e-204  2.93739966e-03
 2.47166667e+01 2.57749294e-201  2.90001417e+06 7.00620379e-205  2.93737396e-03
 2.48166667e+01 2.46171079e-202  2.89998879e+06 6.69148194e-206  2.93734825e-03
 2.49166667e+01 2.35112962e-203  2.89996341e+06 6.39089753e-207  2.93732255e-03
 2.50166667e+01 2.24551581e-204  2.89993803e+06 6.10381551e-208  2.93729684e-03
 2.51166667e+01 2.14464622e-205  2.89991266e+06 5.82962934e-209  2.93727114e-03
 2.52166667e+01 2.04830774e-206  2.89988728e+06 5.56775974e-210  2.93724543e-03
 2.53166667e+01 1.95629682e-207  2.89986190e+06 5.31765344e-211  2.93721973e-03
 2.54166667e+01 1.86841908e-208  2.89983652e+06 5.07878203e-212  2.93719402e-03
 2.55166667e+01 1.78448885e-209  2.89981115e+06 4.85064084e-213  2.93716832e-03
 2.56166667e+01 1.70432880e-210  2.89978577e+06 4.63274785e-214  2.93714261e-03
 2.57166667e+01 1.62776957e-211  2.89976039e+06 4.42464271e-215  2.93711691e-03
 2.58166667e+01 1.55464942e-212  2.89973501e+06 4.22588575e-216  2.93709121e-03
 2.59166667e+01 1.48481387e-213  2.89970964e+06 4.03605704e-217  2.93706550e-03
 2.60166667e+01 1.41811535e-214  2.89968426e+06 3.85475552e-218  2.93703980e-03
 2.61166667e+01 1.35441297e-215  2.89965889e+06 3.68159815e-219  2.93701410e-03
 2.62166667e+01 1.29357212e-216  2.89963351e+06 3.51621909e-220  2.93698839e-03
 2.63166667e+01 1.23546427e-217  2.89960814e+06 3.35826893e-221  2.93696269e-03
 2.64166667e+01 1.17996666e-218  2.89958276e+06 3.20741396e-222  2.93693699e-03
 2.65166667e+01 1.12696202e-219  2.89955738e+06 3.06333547e-223  2.93691129e-03
 2.66166667e+01 1.07633837e-220  2.89953201e+06 2.92572905e-224  2.93688559e-03
 2.67166667e+01 1.02798876e-221  2.89950664e+06 2.79430397e-225  2.93685989e-03
 2.68166667e+01 9.81811040e-223  2.89948126e+06 2.66878257e-226  2.93683418e-03
 2.69166667e+01 9.37707642e-224  2.89945589e+06 2.54889964e-227  2.93680848e-03
 2.70166667e+01 8.95585389e-225  2.89943051e+06 2.43440191e-228  2.93678278e-03
 2.71166667e+01 8.55355286e-226  2.89940514e+06 2.32504747e-229  2.93675708e-03
 2.72166667e+01 8.16932338e-227  2.89937977e+06 2.22060528e-230  2.93673138e-03
 2.73166667e+01 7.80235366e-228  2.89935439e+06 2.12085468e-231  2.93670568e-03
 2.74166667e+01 7.45186839e-229  2.89932902e+06 2.02558493e-232  2.93667998e-03
 2.75166667e+01 7.11712707e-230  2.89930365e+06 1.93459473e-233  2.93665428e-03
 2.76166667e+01 6.79742249e-231  2.89927827e+06 1.84769186e-234  2.93662858e-03
 2.77166667e+01 6.49207918e-232  2.89925290e+06 1.76469270e-235  2.93660288e-03
 2.78166667e+01 6.20045204e-233  2.89922753e+06 1.68542190e-236  2.93657718e-03
 2.79166667e+01 5.92192491e-234  2.89920216e+06 1.60971198e-237  2.93655149e-03
 2.80166667e+01 5.65590936e-235  2.89917679e+06 1.53740299e-238  2.93652579e-03
 2.81166667e+01 5.40184334e-236  2.89915141e+06 1.46834215e-239  2.93650009e-03
 2.82166667e+01 5.15919008e-237  2.89912604e+06 1.40238355e-240  2.93647439e-03
 2.83166667e+01 4.92743692e-238  2.89910067e+06 1.33938785e-241  2.93644869e-03
 2.84166667e+01 4.70609421e-239  2.89907530e+06 1.27922193e-242  2.93642299e-03
 2.85166667e+01 4.49469432e-240  2.89904993e+06 1.22175870e-243  2.93639730e-03
 2.86166667e+01 4.29279061e-241  2.89902456e+06 1.16687675e-244  2.93637160e-03
 2.87166667e+01 4.09995650e-242  2.89899919e+06 1.11446011e-245  2.93634590e-03
 2.88166667e+01 3.91578459e-243  2.89897382e+06 1.06439806e-246  2.93632021e-03
 2.89166667e+01 3.73988577e-244  2.89894845e+06 1.01658481e-247  2.93629451e-03
 2.90166667e+01 3.57188840e-245  2.89892308e+06 9.70919363e-249  2.93626881e-03
 2.91166667e+01 3.41143755e-246  2.89889771e+06 9.27305224e-250  2.93624312e-03
 2.92166667e+01 3.25819423e-247  2.89887234e+06 8.85650252e-251  2.93621742e-03
 2.93166667e+01 3.11183466e-248  2.89884697e+06 8.45866440e-252  2.93619173e-03
 2.94166667e+01 2.97204963e-249  2.89882161e+06 8.07869735e-253  2.93616603e-03
 2.95166667e+01 2.83854381e-250  2.89879624e+06 7.71579860e-254  2.93614034e-03
 2.96166667e+01 2.71103514e-251  2.89877087e+06 7.36920142e-255  2.93611464e-03
 2.97166667e+01 2.58925421e-252  2.89874550e+06 7.03817354e-256  2.93608895e-03
 2.98166667e+01 2.47294373e-253  2.89872013e+06 6.72201559e-257  2.93606325e-03
 2.99166667e+01 2.36185797e-254  2.89869477e+06 6.42005959e-258  2.93603756e-03
 3.00166667e+01 2.25576224e-255  2.89866940e+06 6.13166760e-259  2.93601186e-03
 3.01166667e+01 2.15443238e-256  2.89864403e+06 5.85623030e-260  2.93598617e-03
 3.02166667e+01 2.05765429e-257  2.89861867e+06 5.59316577e-261  2.93596048e-03
 3.03166667e+01 1.96522353e-258  2.89859330e+06 5.34191823e-262  2.93593478e-03
 3.04166667e+01 1.87694479e-259  2.89856793e+06 5.10195683e-263  2.93590909e-03
 3.05166667e+01 1.79263158e-260  2.89854257e+06 4.87277461e-264  2.93588340e-03
 3.06166667e+01 1.71210576e-261  2.89851720e+06 4.65388736e-265  2.93585770e-03
 3.07166667e+01 1.63519719e-262  2.89849183e+06 4.44483263e-266  2.93583201e-03
 3.08166667e+01 1.56174339e-263  2.89846647e+06 4.24516873e-267  2.93580632e-03
 3.09166667e+01 1.49158916e-264  2.89844110e+06 4.05447382e-268  2.93578063e-03
 3.10166667e+01 1.42458630e-265  2.89841574e+06 3.87234501e-269  2.93575493e-03
 3.11166667e+01 1.36059324e-266  2.89839037e+06 3.69839751e-270  2.93572924e-03
 3.12166667e+01 1.29947477e-267  2.89836501e+06 3.53226382e-271  2.93570355e-03
 3.13166667e+01 1.24110177e-268  2.89833964e+06 3.37359292e-272  2.93567786e-03
 3.14166667e+01 1.18535092e-269  2.89831428e+06 3.22204959e-273  2.93565217e-03
 3.15166667e+01 1.13210442e-270  2.89828892e+06 3.07731366e-274  2.93562648e-03
 3.16166667e+01 1.08124977e-271  2.89826355e+06 2.93907933e-275  2.93560079e-03
 3.17166667e+01 1.03267954e-272  2.89823819e+06 2.80705455e-276  2.93557510e-03
 3.18166667e+01 9.86291105e-274  2.89821283e+06 2.68096039e-277  2.93554941e-03
 3.19166667e+01 9.41986461e-275  2.89818746e+06 2.56053043e-278  2.93552372e-03
 3.20166667e+01 8.99672001e-276  2.89816210e+06 2.44551024e-279  2.93549803e-03
 3.21166667e+01 8.59258326e-277  2.89813674e+06 2.33565681e-280  2.93547234e-03
 3.22166667e+01 8.20660051e-278  2.89811138e+06 2.23073804e-281  2.93544665e-03
 3.23166667e+01 7.83795629e-279  2.89808601e+06 2.13053228e-282  2.93542096e-03
 3.24166667e+01 7.48587173e-280  2.89806065e+06 2.03482780e-283  2.93539527e-03
 3.25166667e+01 7.14960297e-281  2.89803529e+06 1.94342241e-284  2.93536958e-03
 3.26166667e+01 6.82843955e-282  2.89800993e+06 1.85612299e-285  2.93534390e-03
 3.27166667e+01 6.52170295e-283  2.89798457e+06 1.77274510e-286  2.93531821e-03
 3.28166667e+01 6.22874509e-284  2.89795921e+06 1.69311259e-287  2.93529252e-03
 3.29166667e+01 5.94894703e-285  2.89793385e+06 1.61705720e-288  2.93526683e-03
 3.30166667e+01 5.68171762e-286  2.89790848e+06 1.54441826e-289  2.93524115e-03
 3.31166667e+01 5.42649228e-287  2.89788312e+06 1.47504229e-290  2.93521546e-03
 3.32166667e+01 5.18273179e-288  2.89785776e+06 1.40878272e-291  2.93518977e-03
 3.33166667e+01 4.94992112e-289  2.89783240e+06 1.34549956e-292  2.93516409e-03
 3.34166667e+01 4.72756841e-290  2.89780704e+06 1.28505910e-293  2.93513840e-03
 3.35166667e+01 4.51520389e-291  2.89778168e+06 1.22733367e-294  2.93511271e-03
 3.36166667e+01 4.31237888e-292  2.89775633e+06 1.17220128e-295  2.93508703e-03
 3.37166667e+01 4.11866486e-293  2.89773097e+06 1.11954547e-296  2.93506134e-03
 3.38166667e+01 3.93365256e-294  2.89770561e+06 1.06925497e-297  2.93503566e-03
 3.39166667e+01 3.75695110e-295  2.89768025e+06 1.02122355e-298  2.93500997e-03
 3.40166667e+01 3.58818715e-296  2.89765489e+06 9.75349729e-300  2.93498429e-03
 3.41166667e+01 3.42700415e-297  2.89762953e+06 9.31536575e-301  2.93495860e-03
 3.42166667e+01 3.27306157e-298  2.89760417e+06 8.89691529e-302  2.93493292e-03
 3.43166667e+01 3.12603416e-299  2.89757882e+06 8.49726181e-303  2.93490723e-03
 3.44166667e+01 2.98561128e-300  2.89755346e+06 8.11556095e-304  2.93488155e-03
 3.45166667e+01 2.85149627e-301  2.89752810e+06 7.75100627e-305  2.93485586e-03
 3.46166667e+01 2.72340576e-302  2.89750275e+06 7.40282754e-306  2.93483018e-03
 3.47166667e+01 2.60106913e-303  2.89747739e+06 7.07028916e-307  2.93480450e-03
 3.48166667e+01 2.48422793e-304  2.89745203e+06 6.75268856e-308  2.93477881e-03
 3.49166667e+01 2.37263528e-305  2.89742668e+06 6.44935472e-309  2.93475313e-03
 3.50166667e+01 2.26605542e-306  2.89740132e+06 6.15964678e-310  2.93472745e-03
 3.51166667e+01 2.16426318e-307  2.89737596e+06 5.88295265e-311  2.93470176e-03
 3.52166667e+01 2.06704350e-308  2.89735061e+06 5.61868774e-312  2.93467608e-03
 3.53166667e+01 1.97419096e-309  2.89732525e+06 5.36629372e-313  2.93465040e-03
 3.54166667e+01 1.88550942e-310  2.89729990e+06 5.12523740e-314  2.93462472e-03
 3.55166667e+01 1.80081160e-311  2.89727454e+06 4.89500974e-315  2.93459904e-03
 3.56166667e+01 1.71992447e-312  2.89724919e+06 4.67514039e-316  2.93457335e-03
 3.57166667e+01 1.64260272e-313  2.89722383e+06 4.46496264e-317  2.93454767e-03
 3.58166667e+01 1.56882626e-314  2.89719848e+06 4.26442387e-318  2.93452199e-03
 3.59166667e+01 1.49275326e-315  2.89717312e+06 4.05766234e-319  2.93449631e-03
 3.60166667e+01 1.43533965e-316  2.89714777e+06 3.90163641e-320  2.93447063e-03
 3.61166667e+01 1.43533975e-317  2.89712242e+06 3.90311860e-321  2.93444495e-03
 3.62166667e+01  0.00000000e+00  2.89709706e+06  0.00000000e+00  2.93441927e-03
 3.63166667e+01  0.00000000e+00  2.89707171e+06  0.00000000e+00  2.93439359e-03
 3.64166667e+01  0.00000000e+00  2.89704636e+06  0.00000000e+00  2.93436791e-03
 3.65166667e+01  0.00000000e+00  2.89702100e+06  0.00000000e+00  2.93434223e-03
 3.66166667e+01  0.00000000e+00  2.89699565e+06  0.00000000e+00  2.93431655e-03
 3.67166667e+01  0.00000000e+00  2.89697030e+06  0.00000000e+00  2.93429087e-03
 3.68166667e+01  0.00000000e+00  2.89694495e+06  0.00000000e+00  2.93426519e-03
 3.69166667e+01  0.00000000e+00  2.89691959e+06  0.00000000e+00  2.93423952e-03
 3.70166667e+01  0.00000000e+00  2.89689424e+06  0.00000000e+00  2.93421384e-03
 3.71166667e+01  0.00000000e+00  2.89686889e+06  0.00000000e+00  2.93418816e-03
 3.72166667e+01  0.00000000e+00  2.89684354e+06  0.00000000e+00  2.93416248e-03
 3.73166667e+01  0.00000000e+00  2.89681819e+06  0.00000000e+00  2.93413680e-03
 3.74166667e+01  0.00000000e+00  2.89679284e+06  0.00000000e+00  2.93411113e-03
 3.75166667e+01  0.00000000e+00  2.89676749e+06  0.00000000e+00  2.93408545e-03
 3.76166667e+01  0.00000000e+00  2.89674214e+06  0.00000000e+00  2.93405977e-03
 3.77166667e+01  0.00000000e+00  2.89671679e+06  0.00000000e+00  2.93403410e-03
 3.78166667e+01  0.00000000e+00  2.89669144e+06  0.00000000e+00  2.93400842e-03
 3.79166667e+01  0.00000000e+00  2.89666609e+06  0.00000000e+00  2.93398274e-03
 3.80166667e+01  0.00000000e+00  2.89664074e+06  0.00000000e+00  2.93395707e-03
 3.81166667e+01  0.00000000e+00  2.89661539e+06  0.00000000e+00  2.93393139e-03
 3.82166667e+01  0.00000000e+00  2.89659004e+06  0.00000000e+00  2.93390572e-03
 3.83166667e+01  0.00000000e+00  2.89656469e+06  0.00000000e+00  2.93388004e-03
 3.84166667e+01  0.00000000e+00  2.89653934e+06  0.00000000e+00  2.93385437e-03
 3.85166667e+01  0.00000000e+00  2.89651399e+06  0.00000000e+00  2.93382869e-03
 3.86166667e+01  0.00000000e+00  2.89648865e+06  0.00000000e+00  2.93380302e-03
 3.87166667e+01  0.00000000e+00  2.89646330e+06  0.00000000e+00  2.93377734e-03
 3.88166667e+01  0.00000000e+00  2.89643795e+06  0.00000000e+00  2.93375167e-03
 3.89166667e+01  0.00000000e+00  2.89641260e+06  0.00000000e+00  2.93372599e-03
 3.90166667e+01  0.00000000e+00  2.89638726e+06  0.00000000e+00  2.93370032e-03
 3.91166667e+01  0.00000000e+00  2.89636191e+06  0.00000000e+00  2.93367465e-03
 3.92166667e+01  0.00000000e+00  2.89633656e+06  0.00000000e+00  2.93364897e-03
 3.93166667e+01  0.00000000e+00  2.89631121e+06  0.00000000e+00  2.93362330e-03
 3.94166667e+01  0.00000000e+00  2.89628587e+06  0.00000000e+00  2.93359763e-03
 3.95166667e+01  0.00000000e+00  2.89626052e+06  0.00000000e+00  2.93357195e-03
 3.96166667e+01  0.00000000e+00  2.89623518e+06  0.00000000e+00  2.93354628e-03
 3.97166667e+01  0.00000000e+00  2.89620983e+06  0.00000000e+00  2.93352061e-03
 3.98166667e+01  0.00000000e+00  2.89618448e+06  0.00000000e+00  2.93349494e-03
 3.99166667e+01  0.00000000e+00  2.89615914e+06  0.00000000e+00  2.93346926e-03
 4.00166667e+01  0.00000000e+00  2.89613379e+06  0.00000000e+00  2.93344359e-03
 4.01166667e+01  0.00000000e+00  2.89610845e+06  0.00000000e+00  2.93341792e-03
 4.02166667e+01  0.00000000e+00  2.89608310e+06  0.00000000e+00  2.93339225e-03
 4.03166667e+01  0.00000000e+00  2.89605776e+06  0.00000000e+00  2.93336658e-03
 4.04166667e+01  0.00000000e+00  2.89603242e+06  0.00000000e+00  2.93334091e-03
 4.05166667e+01  0.00000000e+00  2.89600707e+06  0.00000000e+00  2.93331524e-03
 4.06166667e+01  0.00000000e+00  2.89598173e+06  0.00000000e+00  2.93328957e-03
 4.07166667e+01  0.00000000e+00  2.89595639e+06  0.00000000e+00  2.93326390e-03
 4.08166667e+01  0.00000000e+00  2.89593104e+06  0.00000000e+00  2.93323823e-03
 4.09166667e+01  0.00000000e+00  2.89590570e+06  0.00000000e+00  2.93321256e-03
 4.10166667e+01  0.00000000e+00  2.89588036e+06  0.00000000e+00  2.93318689e-03
 4.11166667e+01  0.00000000e+00  2.89585501e+06  0.00000000e+00  2.93316122e-03
 4.12166667e+01  0.00000000e+00  2.89582967e+06  0.00000000e+00  2.93313555e-03
 4.13166667e+01  0.00000000e+00  2.89580433e+06  0.00000000e+00  2.93310988e-03
 4.14166667e+01  0.00000000e+00  2.89577899e+06  0.00000000e+00  2.93308421e-03
 4.15166667e+01  0.00000000e+00  2.89575365e+06  0.00000000e+00  2.93305855e-03
 4.16166667e+01  0.00000000e+00  2.89572830e+06  0.00000000e+00  2.93303288e-03
 4.17166667e+01  0.00000000e+00  2.89570296e+06  0.00000000e+00  2.93300721e-03
 4.18166667e+01  0.00000000e+00  2.89567762e+06  0.00000000e+00  2.93298154e-03
 4.19166667e+01  0.00000000e+00  2.89565228e+06  0.00000000e+00  2.93295588e-03
 4.20166667e+01  0.00000000e+00  2.89562694e+06  0.00000000e+00  2.93293021e-03
 4.21166667e+01  0.00000000e+00  2.89560160e+06  0.00000000e+00  2.93290454e-03
 4.22166667e+01  0.00000000e+00  2.89557626e+06  0.00000000e+00  2.93287888e-03
 4.23166667e+01  0.00000000e+00  2.89555092e+06  0.00000000e+00  2.93285321e-03
 4.24166667e+01  0.00000000e+00  2.89552558e+06  0.00000000e+00  2.93282754e-03
 4.25166667e+01  0.00000000e+00  2.89550024e+06  0.00000000e+00  2.93280188e-03
 4.26166667e+01  0.00000000e+00  2.89547490e+06  0.00000000e+00  2.93277621e-03
 4.27166667e+01  0.00000000e+00  2.89544956e+06  0.00000000e+00  2.93275055e-03
 4.28166667e+01  0.00000000e+00  2.89542422e+06  0.00000000e+00  2.93272488e-03
 4.29166667e+01  0.00000000e+00  2.89539888e+06  0.00000000e+00  2.93269922e-03
 4.30166667e+01  0.00000000e+00  2.89537355e+06  0.00000000e+00  2.93267355e-03
 4.31166667e+01  0.00000000e+00  2.89534821e+06  0.00000000e+00  2.93264789e-03
 4.32166667e+01  0.00000000e+00  2.89532287e+06  0.00000000e+00  2.93262222e-03
 4.33166667e+01  0.00000000e+00  2.89529753e+06  0.00000000e+00  2.93259656e-03
 4.34166667e+01  0.00000000e+00  2.89527219e+06  0.00000000e+00  2.93257089e-03
 4.35166667e+01  0.00000000e+00  2.89524686e+06  0.00000000e+00  2.93254523e-03
 4.36166667e+01  0.00000000e+00  2.89522152e+06  0.00000000e+00  2.93251957e-03
 4.37166667e+01  0.00000000e+00  2.89519618e+06  0.00000000e+00  2.93249390e-03
 4.38166667e+01  0.00000000e+00  2.89517085e+06  0.00000000e+00  2.93246824e-03
 4.39166667e+01  0.00000000e+00  2.89514551e+06  0.00000000e+00  2.93244258e-03
 4.40166667e+01  0.00000000e+00  2.89512017e+06  0.00000000e+00  2.93241691e-03
 4.41166667e+01  0.00000000e+00  2.89509484e+06  0.00000000e+00  2.93239125e-03
 4.42166667e+01  0.00000000e+00  2.89506950e+06  0.00000000e+00  2.93236559e-03
 4.43166667e+01  0.00000000e+00  2.89504417e+06  0.00000000e+00  2.93233993e-03
 4.44166667e+01  0.00000000e+00  2.89501883e+06  0.00000000e+00  2.93231427e-03
 4.45166667e+01  0.00000000e+00  2.89499350e+06  0.00000000e+00  2.93228860e-03
 4.46166667e+01  0.00000000e+00  2.89496816e+06  0.00000000e+00  2.93226294e-03
 4.47166667e+01  0.00000000e+00  2.89494283e+06  0.00000000e+00  2.93223728e-03
 4.48166667e+01  0.00000000e+00  2.89491749e+06  0.00000000e+00  2.93221162e-03
 4.49166667e+01  0.00000000e+00  2.89489216e+06  0.00000000e+00  2.93218596e-03
 4.50166667e+01  0.00000000e+00  2.89486682e+06  0.00000000e+00  2.93216030e-03
 4.51166667e+01  0.00000000e+00  2.89484149e+06  0.00000000e+00  2.93213464e-03
 4.52166667e+01  0.00000000e+00  2.89481616e+06  0.00000000e+00  2.93210898e-03
 4.53166667e+01  0.00000000e+00  2.89479082e+06  0.00000000e+00  2.93208332e-03
 4.54166667e+01  0.00000000e+00  2.89476549e+06  0.00000000e+00  2.93205766e-03
 4.55166667e+01  0.00000000e+00  2.89474016e+06  0.00000000e+00  2.93203200e-03
 4.56166667e+01  0.00000000e+00  2.89471482e+06  0.00000000e+00  2.93200634e-03
 4.57166667e+01  0.00000000e+00  2.89468949e+06  0.00000000e+00  2.93198068e-03
 4.58166667e+01  0.00000000e+00  2.89466416e+06  0.00000000e+00  2.93195503e-03
 4.59166667e+01  0.00000000e+00  2.89463883e+06  0.00000000e+00  2.93192937e-03
 4.60166667e+01  0.00000000e+00  2.89461350e+06  0.00000000e+00  2.93190371e-03
 4.61166667e+01  0.00000000e+00  2.89458816e+06  0.00000000e+00  2.93187805e-03
 4.62166667e+01  0.00000000e+00  2.89456283e+06  0.00000000e+00  2.93185239e-03
 4.63166667e+01  0.00000000e+00  2.89453750e+06  0.00000000e+00  2.93182674e-03
 4.64166667e+01  0.00000000e+00  2.89451217e+06  0.00000000e+00  2.93180108e-03
 4.65166667e+01  0.00000000e+00  2.89448684e+06  0.00000000e+00  2.93177542e-03
 4.66166667e+01  0.00000000e+00  2.89446151e+06  0.00000000e+00  2.93174977e-03
 4.67166667e+01  0.00000000e+00  2.89443618e+06  0.00000000e+00  2.93172411e-03
 4.68166667e+01  0.00000000e+00  2.89441085e+06  0.00000000e+00  2.93169845e-03
 4.69166667e+01  0.00000000e+00  2.89438552e+06  0.00000000e+00  2.93167280e-03
 4.70166667e+01  0.00000000e+00  2.89436019e+06  0.00000000e+00  2.93164714e-03
 4.71166667e+01  0.00000000e+00  2.89433486e+06  0.00000000e+00  2.93162149e-03
 4.72166667e+01  0.00000000e+00  2.89430953e+06  0.00000000e+00  2.93159583e-03
 4.73166667e+01  0.00000000e+00  2.89428420e+06  0.00000000e+00  2.93157017e-03
 4.74166667e+01  0.00000000e+00  2.89425888e+06  0.00000000e+00  2.93154452e-03
 4.75166667e+01  0.00000000e+00  2.89423355e+06  0.00000000e+00  2.93151887e-03
 4.76166667e+01  0.00000000e+00  2.89420822e+06  0.00000000e+00  2.93149321e-03
 4.77166667e+01  0.00000000e+00  2.89418289e+06  0.00000000e+00  2.93146756e-03
 4.78166667e+01  0.00000000e+00  2.89415756e+06  0.00000000e+00  2.93144190e-03
 4.79166667e+01  0.00000000e+00  2.89413224e+06  0.00000000e+00  2.93141625e-03
 4.80166667e+01  0.00000000e+00  2.89410691e+06  0.00000000e+00  2.93139059e-03
 4.81166667e+01  0.00000000e+00  2.89408158e+06  0.00000000e+00  2.93136494e-03
 4.82166667e+01  0.00000000e+00  2.89405625e+06  0.00000000e+00  2.93133929e-03
 4.83166667e+01  0.00000000e+00  2.89403093e+06  0.00000000e+00  2.93131364e-03
 4.84166667e+01  0.00000000e+00  2.89400560e+06  0.00000000e+00  2.93128798e-03
 4.85166667e+01  0.00000000e+00  2.89398027e+06  0.00000000e+00  2.93126233e-03
 4.86166667e+01  0.00000000e+00  2.89395495e+06  0.00000000e+00  2.93123668e-03
 4.87166667e+01  0.00000000e+00  2.89392962e+06  0.00000000e+00  2.93121103e-03
 4.88166667e+01  0.00000000e+00  2.89390430e+06  0.00000000e+00  2.93118537e-03
 4.89166667e+01  0.00000000e+00  2.89387897e+06  0.00000000e+00  2.93115972e-03
 4.90166667e+01  0.00000000e+00  2.89385365e+06  0.00000000e+00  2.93113407e-03
 4.91166667e+01  0.00000000e+00  2.89382832e+06  0.00000000e+00  2.93110842e-03
 4.92166667e+01  0.00000000e+00  2.89380300e+06  0.00000000e+00  2.93108277e-03
 4.93166667e+01  0.00000000e+00  2.89377767e+06  0.00000000e+00  2.93105712e-03
 4.94166667e+01  0.00000000e+00  2.89375235e+06  0.00000000e+00  2.93103147e-03
 4.95166667e+01  0.00000000e+00  2.89372702e+06  0.00000000e+00  2.93100582e-03
 4.96166667e+01  0.00000000e+00  2.89370170e+06  0.00000000e+00  2.93098017e-03
 4.97166667e+01  0.00000000e+00  2.89367638e+06  0.00000000e+00  2.93095452e-03
 4.98166667e+01  0.00000000e+00  2.89365105e+06  0.00000000e+00  2.93092887e-03
 4.99166667e+01  0.00000000e+00  2.89362573e+06  0.00000000e+00  2.93090322e-03
 5.00166667e+01  0.00000000e+00  2.89360041e+06  0.00000000e+00  2.93087757e-03
 5.01166667e+01  0.00000000e+00  2.89357509e+06  0.00000000e+00  2.93085192e-03
 5.02166667e+01  0.00000000e+00  2.89354976e+06  0.00000000e+00  2.93082627e-03
 5.03166667e+01  0.00000000e+00  2.89352444e+06  0.00000000e+00  2.93080062e-03
 5.04166667e+01  0.00000000e+00  2.89349912e+06  0.00000000e+00  2.93077498e-03
 5.05166667e+01  0.00000000e+00  2.89347380e+06  0.00000000e+00  2.93074933e-03
 5.06166667e+01  0.00000000e+00  2.89344848e+06  0.00000000e+00  2.93072368e-03
 5.07166667e+01  0.00000000e+00  2.89342315e+06  0.00000000e+00  2.93069803e-03
 5.08166667e+01  0.00000000e+00  2.89339783e+06  0.00000000e+00  2.93067238e-03
 5.09166667e+01  0.00000000e+00  2.89337251e+06  0.00000000e+00  2.93064674e-03
 5.10166667e+01  0.00000000e+00  2.89334719e+06  0.00000000e+00  2.93062109e-03
 5.11166667e+01  0.00000000e+00  2.89332187e+06  0.00000000e+00  2.93059544e-03
 5.12166667e+01  0.00000000e+00  2.89329655e+06  0.00000000e+00  2.93056980e-03
 5.13166667e+01  0.00000000e+00  2.89327123e+06  0.00000000e+00  2.93054415e-03
 5.14166667e+01  0.00000000e+00  2.89324591e+06  0.00000000e+00  2.93051851e-03
 5.15166667e+01  0.00000000e+00  2.89322059e+06  0.00000000e+00  2.93049286e-03
 5.16166667e+01  0.00000000e+00  2.89319527e+06  0.00000000e+00  2.93046721e-03
 5.17166667e+01  0.00000000e+00  2.89316995e+06  0.00000000e+00  2.93044157e-03
 5.18166667e+01  0.00000000e+00  2.89314463e+06  0.00000000e+00  2.93041592e-03
 5.19166667e+01  0.00000000e+00  2.89311931e+06  0.00000000e+00  2.93039028e-03
 5.20166667e+01  0.00000000e+00  2.89309400e+06  0.00000000e+00  2.93036463e-03
 5.21166667e+01  0.00000000e+00  2.89306868e+06  0.00000000e+00  2.93033899e-03
 5.22166667e+01  0.00000000e+00  2.89304336e+06  0.00000000e+00  2.93031335e-03
 5.23166667e+01  0.00000000e+00  2.89301804e+06  0.00000000e+00  2.93028770e-03
 5.24166667e+01  0.00000000e+00  2.89299272e+06  0.00000000e+00  2.93026206e-03
 5.25166667e+01  0.00000000e+00  2.89296741e+06  0.00000000e+00  2.93023641e-03
 5.26166667e+01  0.00000000e+00  2.89294209e+06  0.00000000e+00  2.93021077e-03
 5.27166667e+01  0.00000000e+00  2.89291677e+06  0.00000000e+00  2.93018513e-03
 5.28166667e+01  0.00000000e+00  2.89289146e+06  0.00000000e+00  2.93015949e-03
 5.29166667e+01  0.00000000e+00  2.89286614e+06  0.00000000e+00  2.93013384e-03
 5.30166667e+01  0.00000000e+00  2.89284082e+06  0.00000000e+00  2.93010820e-03
 5.31166667e+01  0.00000000e+00  2.89281551e+06  0.00000000e+00  2.93008256e-03
 5.32166667e+01  0.00000000e+00  2.89279019e+06  0.00000000e+00  2.93005692e-03
 5.33166667e+01  0.00000000e+00  2.89276488e+06  0.00000000e+00  2.93003127e-03
 5.34166667e+01  0.00000000e+00  2.89273956e+06  0.00000000e+00  2.93000563e-03
 5.35166667e+01  0.00000000e+00  2.89271425e+06  0.00000000e+00  2.92997999e-03
 5.36166667e+01  0.00000000e+00  2.89268893e+06  0.00000000e+00  2.92995435e-03
 5.37166667e+01  0.00000000e+00  2.89266362e+06  0.00000000e+00  2.92992871e-03
 5.38166667e+01  0.00000000e+00  2.89263830e+06  0.00000000e+00  2.92990307e-03
 5.39166667e+01  0.00000000e+00  2.89261299e+06  0.00000000e+00  2.92987743e-03
 5.40166667e+01  0.00000000e+00  2.89258767e+06  0.00000000e+00  2.92985179e-03
 5.41166667e+01  0.00000000e+00  2.89256236e+06  0.00000000e+00  2.92982615e-03
 5.42166667e+01  0.00000000e+00  2.89253705e+06  0.00000000e+00  2.92980051e-03
 5.43166667e+01  0.00000000e+00  2.89251173e+06  0.00000000e+00  2.92977487e-03
 5.44166667e+01  0.00000000e+00  2.89248642e+06  0.00000000e+00  2.92974923e-03
