# time Anum Bnum Aact Bact
# 609 5
# 609 5
 0.00000000e+00  0.00000000e+00  0.00000000e+00  0.00000000e+00  0.00000000e+00
 4.16666667e-02  9.21797024e+09  8.92793972e+06  4.96318830e+03  7.23482072e+00
 8.33333333e-02  1.84180903e+10  3.56540244e+07  9.91676561e+03  2.88924973e+01
 1.25000000e-01  2.76003948e+10  8.00918918e+07  1.48607505e+04  6.49030455e+01
 1.66666667e-01  3.67649181e+10  1.42155498e+08  1.97951617e+04  1.15196739e+02
 2.08333333e-01  4.59116948e+10  2.21759117e+08  2.47200176e+04  1.79704109e+02
 2.50000000e-01  5.50407592e+10  3.18817338e+08  2.96353367e+04  2.58355942e+02
 2.91666667e-01  6.41521455e+10  4.33245066e+08  3.45411375e+04  3.51083282e+02
 3.33333333e-01  7.32458881e+10  5.64957520e+08  3.94374385e+04  4.57817424e+02
 3.75000000e-01  8.23220211e+10  7.13870234e+08  4.43242580e+04  5.78489922e+02
 4.16666667e-01  9.13805786e+10  8.79899051e+08  4.92016145e+04  7.13032578e+02
 4.58333333e-01  1.00421595e+11  1.06296013e+09  5.40695261e+04  8.61377449e+02
 5.00000000e-01  1.09445103e+11  1.26296993e+09  5.89280113e+04  1.02345684e+03
 5.41666667e-01  1.18451138e+11  1.47984523e+09  6.37770882e+04  1.19920332e+03
 5.83333333e-01  1.27439733e+11  1.71350311e+09  6.86167751e+04  1.38854968e+03
 6.25000000e-01  1.36410922e+11  1.96386097e+09  7.34470902e+04  1.59142898e+03
 6.66666667e-01  1.45364739e+11  2.23083649e+09  7.82680516e+04  1.80777453e+03
 7.08333333e-01  1.54301217e+11  2.51434768e+09  8.30796774e+04  2.03751988e+03
 7.50000000e-01  1.63220390e+11  2.81431284e+09  8.78819858e+04  2.28059882e+03
 7.91666667e-01  1.72122292e+11  3.13065058e+09  9.26749947e+04  2.53694541e+03
 8.33333333e-01  1.81006955e+11  3.46327982e+09  9.74587221e+04  2.80649392e+03
 8.75000000e-01  1.89874414e+11  3.81211975e+09  1.02233186e+05  3.08917889e+03
 9.16666667e-01  1.98724701e+11  4.17708989e+09  1.06998405e+05  3.38493509e+03
 9.58333333e-01  2.07557850e+11  4.55811005e+09  1.11754395e+05  3.69369754e+03
 1.00000000e+00  2.16373894e+11  4.95510033e+09  1.16501177e+05  4.01540150e+03
 1.04166667e+00  2.25172866e+11  5.36798114e+09  1.21238766e+05  4.34998246e+03
 1.08333333e+00  2.33954800e+11  5.79667319e+09  1.25967181e+05  4.69737616e+03
 1.12500000e+00  2.42719727e+11  6.24109745e+09  1.30686439e+05  5.05751859e+03
 1.16666667e+00  2.51467682e+11  6.70117523e+09  1.35396559e+05  5.43034595e+03
 1.20833333e+00  2.60198697e+11  7.17682810e+09  1.40097559e+05  5.81579471e+03
 1.25000000e+00  2.68912804e+11  7.66797793e+09  1.44789454e+05  6.21380154e+03
 1.29166667e+00  2.77610037e+11  8.17454690e+09  1.49472265e+05  6.62430338e+03
 1.33333333e+00  2.86290429e+11  8.69645746e+09  1.54146007e+05  7.04723738e+03
 1.37500000e+00  2.94954011e+11  9.23363234e+09  1.58810699e+05  7.48254094e+03
 1.41666667e+00  3.03600816e+11  9.78599458e+09  1.63466357e+05  7.93015169e+03
 1.45833333e+00  3.12230877e+11  1.03534675e+10  1.68113001e+05  8.39000749e+03
 1.50000000e+00  3.20844227e+11  1.09359747e+10  1.72750646e+05  8.86204644e+03
 1.54166667e+00  3.29440897e+11  1.15334401e+10  1.77379310e+05  9.34620684e+03
 1.58333333e+00  3.38020920e+11  1.21457878e+10  1.81999012e+05  9.84242727e+03
 1.62500000e+00  3.46584329e+11  1.27729424e+10  1.86609768e+05  1.03506465e+04
 1.66666667e+00  3.55131155e+11  1.34148285e+10  1.91211595e+05  1.08708036e+04
 1.70833333e+00  3.63661430e+11  1.40713711e+10  1.95804511e+05  1.14028377e+04
 1.75000000e+00  3.72175187e+11  1.47424957e+10  2.00388533e+05  1.19466883e+04
 1.79166667e+00  3.80672457e+11  1.54281276e+10  2.04963678e+05  1.25022951e+04
 1.83333333e+00  3.89153272e+11  1.61281929e+10  2.09529963e+05  1.30695981e+04
 1.87500000e+00  3.97617665e+11  1.68426177e+10  2.14087407e+05  1.36485374e+04
 1.91666667e+00  4.06065667e+11  1.75713283e+10  2.18636025e+05  1.42390534e+04
 1.95833333e+00  4.14497310e+11  1.83142515e+10  2.23175834e+05  1.48410866e+04
 2.00000000e+00  4.22912626e+11  1.90713142e+10  2.27706853e+05  1.54545778e+04
 2.04166667e+00  4.31311645e+11  1.98424437e+10  2.32229097e+05  1.60794682e+04
 2.08333333e+00  4.39694400e+11  2.06275674e+10  2.36742585e+05  1.67156989e+04
 2.12500000e+00  4.48060923e+11  2.14266132e+10  2.41247332e+05  1.73632115e+04
 2.16666667e+00  4.56411244e+11  2.22395092e+10  2.45743356e+05  1.80219476e+04
 2.20833333e+00  4.64745395e+11  2.30661835e+10  2.50230674e+05  1.86918491e+04
 2.25000000e+00  4.73063407e+11  2.39065649e+10  2.54709302e+05  1.93728583e+04
 2.29166667e+00  4.81365312e+11  2.47605822e+10  2.59179257e+05  2.00649174e+04
 2.33333333e+00  4.89651141e+11  2.56281646e+10  2.63640557e+05  2.07679691e+04
 2.37500000e+00  4.97920924e+11  2.65092414e+10  2.68093218e+05  2.14819561e+04
 2.41666667e+00  5.06174694e+11  2.74037423e+10  2.72537256e+05  2.22068213e+04
 2.45833333e+00  5.14412480e+11  2.83115972e+10  2.76972688e+05  2.29425082e+04
 2.50000000e+00  5.22634314e+11  2.92327364e+10  2.81399532e+05  2.36889600e+04
 2.54166667e+00  5.30840227e+11  3.01670902e+10  2.85817803e+05  2.44461204e+04
 2.58333333e+00  5.39030250e+11  3.11145894e+10  2.90227518e+05  2.52139332e+04
 2.62500000e+00  5.47204413e+11  3.20751650e+10  2.94628695e+05  2.59923427e+04
 2.66666667e+00  5.55362747e+11  3.30487483e+10  2.99021348e+05  2.67812929e+04
 2.70833333e+00  5.63505283e+11  3.40352706e+10  3.03405495e+05  2.75807285e+04
 2.75000000e+00  5.71632052e+11  3.50346639e+10  3.07781153e+05  2.83905940e+04
 2.79166667e+00  5.79743083e+11  3.60468601e+10  3.12148337e+05  2.92108345e+04
 2.83333333e+00  5.87838408e+11  3.70717914e+10  3.16507065e+05  3.00413951e+04
 2.87500000e+00  5.95918056e+11  3.81093904e+10  3.20857352e+05  3.08822210e+04
 2.91666667e+00  6.03982059e+11  3.91595900e+10  3.25199215e+05  3.17332578e+04
 2.95833333e+00  6.12030445e+11  4.02223230e+10  3.29532670e+05  3.25944512e+04
 3.00000000e+00  6.20063247e+11  4.12975229e+10  3.33857733e+05  3.34657473e+04
 3.04166667e+00  6.28080494e+11  4.23851232e+10  3.38174422e+05  3.43470921e+04
 3.08333333e+00  6.36082215e+11  4.34850577e+10  3.42482751e+05  3.52384319e+04
 3.12500000e+00  6.44068442e+11  4.45972604e+10  3.46782737e+05  3.61397134e+04
 3.16666667e+00  6.52039203e+11  4.57216656e+10  3.51074397e+05  3.70508834e+04
 3.20833333e+00  6.59994530e+11  4.68582079e+10  3.55357746e+05  3.79718887e+04
 3.25000000e+00  6.67934451e+11  4.80068221e+10  3.59632800e+05  3.89026765e+04
 3.29166667e+00  6.75858997e+11  4.91674432e+10  3.63899576e+05  3.98431942e+04
 3.33333333e+00  6.83768198e+11  5.03400065e+10  3.68158090e+05  4.07933894e+04
 3.37500000e+00  6.91662082e+11  5.15244476e+10  3.72408357e+05  4.17532098e+04
 3.41666667e+00  6.99540681e+11  5.27207022e+10  3.76650394e+05  4.27226034e+04
 3.45833333e+00  7.07404023e+11  5.39287064e+10  3.80884216e+05  4.37015184e+04
 3.50000000e+00  7.15252138e+11  5.51483964e+10  3.85109840e+05  4.46899031e+04
 3.54166667e+00  7.23085056e+11  5.63797088e+10  3.89327281e+05  4.56877060e+04
 3.58333333e+00  7.30902805e+11  5.76225803e+10  3.93536555e+05  4.66948759e+04
 3.62500000e+00  7.38705416e+11  5.88769479e+10  3.97737678e+05  4.77113618e+04
 3.66666667e+00  7.46492918e+11  6.01427489e+10  4.01930665e+05  4.87371128e+04
 3.70833333e+00  7.54265339e+11  6.14199207e+10  4.06115533e+05  4.97720783e+04
 3.75000000e+00  7.62022709e+11  6.27084011e+10  4.10292298e+05  5.08162077e+04
 3.79166667e+00  7.69765058e+11  6.40081279e+10  4.14460974e+05  5.18694508e+04
 3.83333333e+00  7.77492414e+11  6.53190395e+10  4.18621578e+05  5.29317574e+04
 3.87500000e+00  7.85204806e+11  6.66410741e+10  4.22774125e+05  5.40030778e+04
 3.91666667e+00  7.92902263e+11  6.79741706e+10  4.26918631e+05  5.50833622e+04
 3.95833333e+00  8.00584815e+11  6.93182677e+10  4.31055111e+05  5.61725611e+04
 4.00000000e+00  8.08252490e+11  7.06733047e+10  4.35183581e+05  5.72706251e+04
 4.04166667e+00  8.15905317e+11  7.20392209e+10  4.39304056e+05  5.83775052e+04
 4.08333333e+00  8.23543324e+11  7.34159558e+10  4.43416553e+05  5.94931523e+04
 4.12500000e+00  8.31166541e+11  7.48034493e+10  4.47521085e+05  6.06175178e+04
 4.16666667e+00  8.38774995e+11  7.62016415e+10  4.51617670e+05  6.17505530e+04
 4.16666667e+00  8.38774995e+11  7.62016415e+10  4.51617670e+05  6.17505530e+04
 4.20833333e+00  8.37150747e+11  7.76015447e+10  4.50743133e+05  6.28849747e+04
 4.25000000e+00  8.35529643e+11  7.89942293e+10  4.49870290e+05  6.40135467e+04
 4.29166667e+00  8.33911678e+11  8.03797223e+10  4.48999137e+05  6.51362910e+04
 4.33333333e+00  8.32296847e+11  8.17580508e+10  4.48129671e+05  6.62532295e+04
 4.37500000e+00  8.30685143e+11  8.31292417e+10  4.47261888e+05  6.73643840e+04
 4.41666667e+00  8.29076559e+11  8.44933218e+10  4.46395786e+05  6.84697762e+04
 4.41666667e+00  8.29076559e+11  0.00000000e+00  4.46395786e+05  0.00000000e+00
 4.51666667e+00  8.25228657e+11  3.83445290e+09  4.44323978e+05  3.10727672e+03
 4.61666667e+00  8.21398613e+11  7.62435627e+09  4.42261786e+05  6.17845241e+03
 4.71666667e+00  8.17586346e+11  1.13701035e+10  4.40209165e+05  9.21384587e+03
 4.81666667e+00  8.13791772e+11  1.50720850e+10  4.38166070e+05  1.22137734e+04
 4.91666667e+00  8.10014809e+11  1.87306878e+10  4.36132458e+05  1.51785487e+04
 5.01666667e+00  8.06255376e+11  2.23462960e+10  4.34108284e+05  1.81084831e+04
 5.11666667e+00  8.02513391e+11  2.59192908e+10  4.32093505e+05  2.10038853e+04
 5.21666667e+00  7.98788773e+11  2.94500502e+10  4.30088076e+05  2.38650618e+04
 5.31666667e+00  7.95081442e+11  3.29389490e+10  4.28091955e+05  2.66923163e+04
 5.41666667e+00  7.91391317e+11  3.63863594e+10  4.26105099e+05  2.94859503e+04
 5.51666667e+00  7.87718319e+11  3.97926504e+10  4.24127464e+05  3.22462629e+04
 5.61666667e+00  7.84062368e+11  4.31581881e+10  4.22159008e+05  3.49735508e+04
 5.71666667e+00  7.80423385e+11  4.64833357e+10  4.20199687e+05  3.76681083e+04
 5.81666667e+00  7.76801291e+11  4.97684534e+10  4.18249460e+05  4.03302272e+04
 5.91666667e+00  7.73196008e+11  5.30138987e+10  4.16308285e+05  4.29601974e+04
 6.01666667e+00  7.69607458e+11  5.62200261e+10  4.14376118e+05  4.55583059e+04
 6.11666667e+00  7.66035563e+11  5.93871873e+10  4.12452920e+05  4.81248380e+04
 6.21666667e+00  7.62480246e+11  6.25157312e+10  4.10538647e+05  5.06600762e+04
 6.31666667e+00  7.58941430e+11  6.56060039e+10  4.08633259e+05  5.31643011e+04
 6.41666667e+00  7.55419038e+11  6.86583487e+10  4.06736714e+05  5.56377909e+04
 6.51666667e+00  7.51912994e+11  7.16731063e+10  4.04848971e+05  5.80808216e+04
 6.61666667e+00  7.48423223e+11  7.46506145e+10  4.02969990e+05  6.04936670e+04
 6.71666667e+00  7.44949648e+11  7.75912085e+10  4.01099730e+05  6.28765986e+04
 6.81666667e+00  7.41492194e+11  8.04952206e+10  3.99238149e+05  6.52298859e+04
 6.91666667e+00  7.38050787e+11  8.33629808e+10  3.97385209e+05  6.75537961e+04
 7.01666667e+00  7.34625353e+11  8.61948160e+10  3.95540868e+05  6.98485944e+04
 7.11666667e+00  7.31215817e+11  8.89910510e+10  3.93705088e+05  7.21145437e+04
 7.21666667e+00  7.27822105e+11  9.17520075e+10  3.91877827e+05  7.43519048e+04
 7.31666667e+00  7.24444143e+11  9.44780049e+10  3.90059048e+05  7.65609366e+04
 7.41666667e+00  7.21081860e+11  9.71693600e+10  3.88248709e+05  7.87418957e+04
 7.51666667e+00  7.17735181e+11  9.98263870e+10  3.86446773e+05  8.08950368e+04
 7.61666667e+00  7.14404036e+11  1.02449397e+11  3.84653200e+05  8.30206124e+04
 7.71666667e+00  7.11088350e+11  1.05038701e+11  3.82867951e+05  8.51188731e+04
 7.81666667e+00  7.07788054e+11  1.07594603e+11  3.81090988e+05  8.71900673e+04
 7.91666667e+00  7.04503074e+11  1.10117410e+11  3.79322272e+05  8.92344417e+04
 8.01666667e+00  7.01233341e+11  1.12607421e+11  3.77561765e+05  9.12522406e+04
 8.11666667e+00  6.97978783e+11  1.15064938e+11  3.75809428e+05  9.32437068e+04
 8.21666667e+00  6.94739331e+11  1.17490255e+11  3.74065225e+05  9.52090808e+04
 8.31666667e+00  6.91514913e+11  1.19883670e+11  3.72329117e+05  9.71486012e+04
 8.41666667e+00  6.88305460e+11  1.22245472e+11  3.70601067e+05  9.90625048e+04
 8.51666667e+00  6.85110903e+11  1.24575952e+11  3.68881036e+05  1.00951026e+05
 8.61666667e+00  6.81931173e+11  1.26875398e+11  3.67168989e+05  1.02814399e+05
 8.71666667e+00  6.78766200e+11  1.29144094e+11  3.65464888e+05  1.04652853e+05
 8.81666667e+00  6.75615917e+11  1.31382324e+11  3.63768696e+05  1.06466619e+05
 8.91666667e+00  6.72480255e+11  1.33590367e+11  3.62080376e+05  1.08255923e+05
 9.01666667e+00  6.69359146e+11  1.35768503e+11  3.60399892e+05  1.10020991e+05
 9.11666667e+00  6.66252522e+11  1.37917006e+11  3.58727207e+05  1.11762046e+05
 9.21666667e+00  6.63160317e+11  1.40036151e+11  3.57062286e+05  1.13479311e+05
 9.31666667e+00  6.60082464e+11  1.42126210e+11  3.55405091e+05  1.15173005e+05
 9.41666667e+00  6.57018895e+11  1.44187451e+11  3.53755589e+05  1.16843347e+05
 9.51666667e+00  6.53969545e+11  1.46220142e+11  3.52113741e+05  1.18490553e+05
 9.61666667e+00  6.50934348e+11  1.48224548e+11  3.50479514e+05  1.20114838e+05
 9.71666667e+00  6.47913237e+11  1.50200931e+11  3.48852872e+05  1.21716414e+05
 9.81666667e+00  6.44906148e+11  1.52149552e+11  3.47233779e+05  1.23295493e+05
 9.91666667e+00  6.41913016e+11  1.54070670e+11  3.45622201e+05  1.24852285e+05
 1.00166667e+01  6.38933775e+11  1.55964542e+11  3.44018103e+05  1.26386998e+05
 1.01166667e+01  6.35968361e+11  1.57831420e+11  3.42421449e+05  1.27899836e+05
 1.02166667e+01  6.33016711e+11  1.59671559e+11  3.40832206e+05  1.29391006e+05
 1.03166667e+01  6.30078760e+11  1.61485207e+11  3.39250339e+05  1.30860709e+05
 1.04166667e+01  6.27154444e+11  1.63272614e+11  3.37675813e+05  1.32309147e+05
 1.05166667e+01  6.24243701e+11  1.65034025e+11  3.36108595e+05  1.33736519e+05
 1.06166667e+01  6.21346467e+11  1.66769685e+11  3.34548651e+05  1.35143024e+05
 1.07166667e+01  6.18462679e+11  1.68479835e+11  3.32995947e+05  1.36528856e+05
 1.08166667e+01  6.15592276e+11  1.70164716e+11  3.31450449e+05  1.37894212e+05
 1.09166667e+01  6.12735195e+11  1.71824566e+11  3.29912124e+05  1.39239283e+05
 1.10166667e+01  6.09891374e+11  1.73459621e+11  3.28380939e+05  1.40564262e+05
 1.11166667e+01  6.07060752e+11  1.75070116e+11  3.26856861e+05  1.41869338e+05
 1.12166667e+01  6.04243267e+11  1.76656282e+11  3.25339856e+05  1.43154700e+05
 1.13166667e+01  6.01438859e+11  1.78218352e+11  3.23829891e+05  1.44420534e+05
 1.14166667e+01  5.98647466e+11  1.79756552e+11  3.22326935e+05  1.45667026e+05
 1.15166667e+01  5.95869029e+11  1.81271110e+11  3.20830954e+05  1.46894359e+05
 1.16166667e+01  5.93103487e+11  1.82762251e+11  3.19341917e+05  1.48102716e+05
 1.17166667e+01  5.90350781e+11  1.84230198e+11  3.17859790e+05  1.49292277e+05
 1.18166667e+01  5.87610850e+11  1.85675171e+11  3.16384542e+05  1.50463222e+05
 1.19166667e+01  5.84883636e+11  1.87097391e+11  3.14916141e+05  1.51615728e+05
 1.20166667e+01  5.82169080e+11  1.88497074e+11  3.13454555e+05  1.52749972e+05
 1.21166667e+01  5.79467122e+11  1.89874438e+11  3.11999753e+05  1.53866128e+05
 1.22166667e+01  5.76777704e+11  1.91229694e+11  3.10551702e+05  1.54964370e+05
 1.23166667e+01  5.74100769e+11  1.92563057e+11  3.09110373e+05  1.56044870e+05
 1.24166667e+01  5.71436258e+11  1.93874736e+11  3.07675733e+05  1.57107799e+05
 1.25166667e+01  5.68784113e+11  1.95164940e+11  3.06247751e+05  1.58153325e+05
 1.26166667e+01  5.66144278e+11  1.96433877e+11  3.04826397e+05  1.59181617e+05
 1.27166667e+01  5.63516694e+11  1.97681750e+11  3.03411639e+05  1.60192840e+05
 1.28166667e+01  5.60901306e+11  1.98908765e+11  3.02003448e+05  1.61187161e+05
 1.29166667e+01  5.58298056e+11  2.00115123e+11  3.00601792e+05  1.62164741e+05
 1.30166667e+01  5.55706888e+11  2.01301024e+11  2.99206642e+05  1.63125745e+05
 1.31166667e+01  5.53127746e+11  2.02466667e+11  2.97817967e+05  1.64070332e+05
 1.32166667e+01  5.50560575e+11  2.03612248e+11  2.96435737e+05  1.64998662e+05
 1.33166667e+01  5.48005318e+11  2.04737964e+11  2.95059922e+05  1.65910894e+05
 1.34166667e+01  5.45461921e+11  2.05844008e+11  2.93690493e+05  1.66807185e+05
 1.35166667e+01  5.42930328e+11  2.06930571e+11  2.92327419e+05  1.67687690e+05
 1.36166667e+01  5.40410485e+11  2.07997846e+11  2.90970672e+05  1.68552563e+05
 1.37166667e+01  5.37902337e+11  2.09046019e+11  2.89620221e+05  1.69401958e+05
 1.38166667e+01  5.35405830e+11  2.10075279e+11  2.88276039e+05  1.70236026e+05
 1.39166667e+01  5.32920909e+11  2.11085812e+11  2.86938095e+05  1.71054919e+05
 1.40166667e+01  5.30447521e+11  2.12077802e+11  2.85606360e+05  1.71858785e+05
 1.41166667e+01  5.27985613e+11  2.13051431e+11  2.84280807e+05  1.72647772e+05
 1.42166667e+01  5.25535131e+11  2.14006881e+11  2.82961405e+05  1.73422028e+05
 1.43166667e+01  5.23096023e+11  2.14944331e+11  2.81648127e+05  1.74181698e+05
 1.44166667e+01  5.20668234e+11  2.15863960e+11  2.80340945e+05  1.74926926e+05
 1.45166667e+01  5.18251714e+11  2.16765944e+11  2.79039829e+05  1.75657855e+05
 1.46166667e+01  5.15846409e+11  2.17650458e+11  2.77744752e+05  1.76374628e+05
 1.47166667e+01  5.13452267e+11  2.18517677e+11  2.76455685e+05  1.77077385e+05
 1.48166667e+01  5.11069237e+11  2.19367773e+11  2.75172602e+05  1.77766266e+05
 1.49166667e+01  5.08697267e+11  2.20200915e+11  2.73895473e+05  1.78441409e+05
 1.50166667e+01  5.06336306e+11  2.21017275e+11  2.72624272e+05  1.79102952e+05
 1.51166667e+01  5.03986303e+11  2.21817020e+11  2.71358971e+05  1.79751031e+05
 1.52166667e+01  5.01647206e+11  2.22600316e+11  2.70099542e+05  1.80385780e+05
 1.53166667e+01  4.99318966e+11  2.23367328e+11  2.68845959e+05  1.81007335e+05
 1.54166667e+01  4.97001531e+11  2.24118221e+11  2.67598193e+05  1.81615826e+05
 1.55166667e+01  4.94694853e+11  2.24853158e+11  2.66356219e+05  1.82211387e+05
 1.56166667e+01  4.92398879e+11  2.25572298e+11  2.65120009e+05  1.82794148e+05
 1.57166667e+01  4.90113562e+11  2.26275801e+11  2.63889537e+05  1.83364237e+05
 1.58166667e+01  4.87838852e+11  2.26963827e+11  2.62664775e+05  1.83921784e+05
 1.59166667e+01  4.85574699e+11  2.27636532e+11  2.61445698e+05  1.84466915e+05
 1.60166667e+01  4.83321054e+11  2.28294072e+11  2.60232278e+05  1.84999758e+05
 1.61166667e+01  4.81077869e+11  2.28936602e+11  2.59024491e+05  1.85520436e+05
 1.62166667e+01  4.78845094e+11  2.29564273e+11  2.57822309e+05  1.86029074e+05
 1.63166667e+01  4.76622683e+11  2.30177239e+11  2.56625706e+05  1.86525795e+05
 1.64166667e+01  4.74410586e+11  2.30775650e+11  2.55434657e+05  1.87010722e+05
 1.65166667e+01  4.72208756e+11  2.31359654e+11  2.54249136e+05  1.87483974e+05
 1.66166667e+01  4.70017145e+11  2.31929401e+11  2.53069117e+05  1.87945672e+05
 1.67166667e+01  4.67835706e+11  2.32485036e+11  2.51894575e+05  1.88395935e+05
 1.68166667e+01  4.65664391e+11  2.33026706e+11  2.50725485e+05  1.88834881e+05
 1.69166667e+01  4.63503154e+11  2.33554554e+11  2.49561820e+05  1.89262627e+05
 1.70166667e+01  4.61351948e+11  2.34068723e+11  2.48403556e+05  1.89679288e+05
 1.71166667e+01  4.59210725e+11  2.34569356e+11  2.47250668e+05  1.90084979e+05
 1.72166667e+01  4.57079441e+11  2.35056593e+11  2.46103130e+05  1.90479815e+05
 1.73166667e+01  4.54958048e+11  2.35530573e+11  2.44960919e+05  1.90863908e+05
 1.74166667e+01  4.52846501e+11  2.35991435e+11  2.43824008e+05  1.91237371e+05
 1.75166667e+01  4.50744754e+11  2.36439316e+11  2.42692374e+05  1.91600315e+05
 1.76166667e+01  4.48652761e+11  2.36874351e+11  2.41565993e+05  1.91952849e+05
 1.77166667e+01  4.46570478e+11  2.37296676e+11  2.40444839e+05  1.92295082e+05
 1.78166667e+01  4.44497859e+11  2.37706423e+11  2.39328889e+05  1.92627124e+05
 1.79166667e+01  4.42434860e+11  2.38103726e+11  2.38218118e+05  1.92949082e+05
 1.80166667e+01  4.40381436e+11  2.38488716e+11  2.37112502e+05  1.93261061e+05
 1.81166667e+01  4.38337541e+11  2.38861522e+11  2.36012018e+05  1.93563167e+05
 1.82166667e+01  4.36303133e+11  2.39222275e+11  2.34916641e+05  1.93855506e+05
 1.83166667e+01  4.34278167e+11  2.39571101e+11  2.33826348e+05  1.94138180e+05
 1.84166667e+01  4.32262599e+11  2.39908128e+11  2.32741115e+05  1.94411292e+05
 1.85166667e+01  4.30256386e+11  2.40233482e+11  2.31660919e+05  1.94674945e+05
 1.86166667e+01  4.28259484e+11  2.40547287e+11  2.30585737e+05  1.94929239e+05
 1.87166667e+01  4.26271850e+11  2.40849668e+11  2.29515544e+05  1.95174275e+05
 1.88166667e+01  4.24293441e+11  2.41140745e+11  2.28450319e+05  1.95410152e+05
 1.89166667e+01  4.22324215e+11  2.41420642e+11  2.27390037e+05  1.95636968e+05
 1.90166667e+01  4.20364127e+11  2.41689478e+11  2.26334677e+05  1.95854822e+05
 1.91166667e+01  4.18413137e+11  2.41947373e+11  2.25284214e+05  1.96063809e+05
 1.92166667e+01  4.16471202e+11  2.42194446e+11  2.24238627e+05  1.96264026e+05
 1.93166667e+01  4.14538280e+11  2.42430814e+11  2.23197893e+05  1.96455568e+05
 1.94166667e+01  4.12614329e+11  2.42656592e+11  2.22161989e+05  1.96638530e+05
 1.95166667e+01  4.10699307e+11  2.42871897e+11  2.21130893e+05  1.96813004e+05
 1.96166667e+01  4.08793173e+11  2.43076843e+11  2.20104582e+05  1.96979083e+05
 1.97166667e+01  4.06895886e+11  2.43271543e+11  2.19083035e+05  1.97136860e+05
 1.98166667e+01  4.05007404e+11  2.43456110e+11  2.18066229e+05  1.97286425e+05
 1.99166667e+01  4.03127688e+11  2.43630655e+11  2.17054142e+05  1.97427869e+05
 2.00166667e+01  4.01256695e+11  2.43795289e+11  2.16046752e+05  1.97561281e+05
 2.01166667e+01  3.99394386e+11  2.43950121e+11  2.15044038e+05  1.97686750e+05
 2.02166667e+01  3.97540721e+11  2.44095259e+11  2.14045978e+05  1.97804364e+05
 2.03166667e+01  3.95695659e+11  2.44230812e+11  2.13052549e+05  1.97914210e+05
 2.04166667e+01  3.93859160e+11  2.44356885e+11  2.12063732e+05  1.98016374e+05
 2.05166667e+01  3.92031184e+11  2.44473585e+11  2.11079504e+05  1.98110943e+05
 2.06166667e+01  3.90211693e+11  2.44581016e+11  2.10099844e+05  1.98198001e+05
 2.07166667e+01  3.88400646e+11  2.44679283e+11  2.09124730e+05  1.98277632e+05
 2.08166667e+01  3.86598004e+11  2.44768489e+11  2.08154142e+05  1.98349920e+05
 2.09166667e+01  3.84803729e+11  2.44848734e+11  2.07188059e+05  1.98414948e+05
 2.10166667e+01  3.83017782e+11  2.44920121e+11  2.06226460e+05  1.98472797e+05
 2.11166667e+01  3.81240123e+11  2.44982751e+11  2.05269324e+05  1.98523549e+05
 2.12166667e+01  3.79470715e+11  2.45036721e+11  2.04316630e+05  1.98567285e+05
 2.13166667e+01  3.77709519e+11  2.45082132e+11  2.03368357e+05  1.98604084e+05
 2.14166667e+01  3.75956497e+11  2.45119081e+11  2.02424486e+05  1.98634025e+05
 2.15166667e+01  3.74211611e+11  2.45147663e+11  2.01484995e+05  1.98657187e+05
 2.16166667e+01  3.72474824e+11  2.45167977e+11  2.00549865e+05  1.98673648e+05
 2.17166667e+01  3.70746097e+11  2.45180116e+11  1.99619075e+05  1.98683485e+05
 2.18166667e+01  3.69025394e+11  2.45184175e+11  1.98692604e+05  1.98686775e+05
 2.19166667e+01  3.67312677e+11  2.45180248e+11  1.97770434e+05  1.98683592e+05
 2.20166667e+01  3.65607908e+11  2.45168427e+11  1.96852544e+05  1.98674013e+05
 2.21166667e+01  3.63911052e+11  2.45148803e+11  1.95938914e+05  1.98658111e+05
 2.22166667e+01  3.62222072e+11  2.45121469e+11  1.95029524e+05  1.98635960e+05
 2.23166667e+01  3.60540930e+11  2.45086514e+11  1.94124355e+05  1.98607634e+05
 2.24166667e+01  3.58867591e+11  2.45044028e+11  1.93223386e+05  1.98573205e+05
 2.25166667e+01  3.57202018e+11  2.44994099e+11  1.92326600e+05  1.98532745e+05
 2.26166667e+01  3.55544175e+11  2.44936815e+11  1.91433975e+05  1.98486324e+05
 2.27166667e+01  3.53894027e+11  2.44872263e+11  1.90545494e+05  1.98434014e+05
 2.28166667e+01  3.52251537e+11  2.44800530e+11  1.89661136e+05  1.98375885e+05
 2.29166667e+01  3.50616671e+11  2.44721700e+11  1.88780882e+05  1.98312005e+05
 2.30166667e+01  3.48989392e+11  2.44635860e+11  1.87904714e+05  1.98242444e+05
 2.31166667e+01  3.47369665e+11  2.44543092e+11  1.87032613e+05  1.98167269e+05
 2.32166667e+01  3.45757456e+11  2.44443481e+11  1.86164559e+05  1.98086548e+05
 2.33166667e+01  3.44152730e+11  2.44337108e+11  1.85300533e+05  1.98000348e+05
 2.34166667e+01  3.42555452e+11  2.44224055e+11  1.84440518e+05  1.97908735e+05
 2.35166667e+01  3.40965587e+11  2.44104404e+11  1.83584495e+05  1.97811774e+05
 2.36166667e+01  3.39383100e+11  2.43978234e+11  1.82732444e+05  1.97709532e+05
 2.37166667e+01  3.37807958e+11  2.43845626e+11  1.81884348e+05  1.97602072e+05
 2.38166667e+01  3.36240127e+11  2.43706658e+11  1.81040188e+05  1.97489458e+05
 2.39166667e+01  3.34679573e+11  2.43561409e+11  1.80199946e+05  1.97371754e+05
 2.40166667e+01  3.33126261e+11  2.43409955e+11  1.79363604e+05  1.97249023e+05
 2.41166667e+01  3.31580159e+11  2.43252374e+11  1.78531143e+05  1.97121326e+05
 2.42166667e+01  3.30041232e+11  2.43088742e+11  1.77702546e+05  1.96988725e+05
 2.43166667e+01  3.28509447e+11  2.42919134e+11  1.76877794e+05  1.96851282e+05
 2.44166667e+01  3.26984772e+11  2.42743625e+11  1.76056871e+05  1.96709057e+05
 2.45166667e+01  3.25467174e+11  2.42562289e+11  1.75239757e+05  1.96562110e+05
 2.46166667e+01  3.23956619e+11  2.42375199e+11  1.74426436e+05  1.96410501e+05
 2.47166667e+01  3.22453074e+11  2.42182428e+11  1.73616890e+05  1.96254287e+05
 2.48166667e+01  3.20956508e+11  2.41984049e+11  1.72811101e+05  1.96093529e+05
 2.49166667e+01  3.19466887e+11  2.41780132e+11  1.72009051e+05  1.95928283e+05
 2.50166667e+01  3.17984181e+11  2.41570748e+11  1.71210725e+05  1.95758608e+05
 2.51166667e+01  3.16508355e+11  2.41355967e+11  1.70416103e+05  1.95584559e+05
 2.52166667e+01  3.15039380e+11  2.41135860e+11  1.69625169e+05  1.95406193e+05
 2.53166667e+01  3.13577222e+11  2.40910494e+11  1.68837906e+05  1.95223566e+05
 2.54166667e+01  3.12121850e+11  2.40679938e+11  1.68054298e+05  1.95036734e+05
 2.55166667e+01  3.10673233e+11  2.40444260e+11  1.67274326e+05  1.94845750e+05
 2.56166667e+01  3.09231340e+11  2.40203526e+11  1.66497973e+05  1.94650670e+05
 2.57166667e+01  3.07796138e+11  2.39957804e+11  1.65725225e+05  1.94451547e+05
 2.58166667e+01  3.06367597e+11  2.39707157e+11  1.64956062e+05  1.94248434e+05
 2.59166667e+01  3.04945687e+11  2.39451653e+11  1.64190470e+05  1.94041384e+05
 2.60166667e+01  3.03530376e+11  2.39191355e+11  1.63428430e+05  1.93830450e+05
 2.61166667e+01  3.02121633e+11  2.38926327e+11  1.62669928e+05  1.93615682e+05
 2.62166667e+01  3.00719429e+11  2.38656633e+11  1.61914946e+05  1.93397134e+05
 2.63166667e+01  2.99323733e+11  2.38382336e+11  1.61163468e+05  1.93174855e+05
 2.64166667e+01  2.97934515e+11  2.38103497e+11  1.60415477e+05  1.92948896e+05
 2.65166667e+01  2.96551744e+11  2.37820179e+11  1.59670958e+05  1.92719307e+05
 2.66166667e+01  2.95175390e+11  2.37532442e+11  1.58929895e+05  1.92486137e+05
 2.67166667e+01  2.93805425e+11  2.37240347e+11  1.58192271e+05  1.92249436e+05
 2.68166667e+01  2.92441818e+11  2.36943954e+11  1.57458071e+05  1.92009252e+05
 2.69166667e+01  2.91084540e+11  2.36643322e+11  1.56727278e+05  1.91765633e+05
 2.70166667e+01  2.89733561e+11  2.36338511e+11  1.55999876e+05  1.91518627e+05
 2.71166667e+01  2.88388852e+11  2.36029578e+11  1.55275851e+05  1.91268280e+05
 2.72166667e+01  2.87050385e+11  2.35716581e+11  1.54555186e+05  1.91014641e+05
 2.73166667e+01  2.85718129e+11  2.35399577e+11  1.53837866e+05  1.90757755e+05
 2.74166667e+01  2.84392057e+11  2.35078624e+11  1.53123875e+05  1.90497668e+05
 2.75166667e+01  2.83072139e+11  2.34753777e+11  1.52413198e+05  1.90234426e+05
 2.76166667e+01  2.81758347e+11  2.34425092e+11  1.51705820e+05  1.89968073e+05
 2.77166667e+01  2.80450653e+11  2.34092623e+11  1.51001724e+05  1.89698655e+05
 2.78166667e+01  2.79149028e+11  2.33756427e+11  1.50300896e+05  1.89426216e+05
 2.79166667e+01  2.77853444e+11  2.33416556e+11  1.49603321e+05  1.89150799e+05
 2.80166667e+01  2.76563873e+11  2.33073064e+11  1.48908983e+05  1.88872448e+05
 2.81166667e+01  2.75280287e+11  2.32726005e+11  1.48217868e+05  1.88591206e+05
 2.82166667e+01  2.74002659e+11  2.32375430e+11  1.47529961e+05  1.88307115e+05
 2.83166667e+01  2.72730961e+11  2.32021393e+11  1.46845246e+05  1.88020219e+05
 2.84166667e+01  2.71465164e+11  2.31663944e+11  1.46163710e+05  1.87730557e+05
 2.85166667e+01  2.70205243e+11  2.31303135e+11  1.45485336e+05  1.87438173e+05
 2.86166667e+01  2.68951168e+11  2.30939016e+11  1.44810111e+05  1.87143106e+05
 2.87166667e+01  2.67702915e+11  2.30571637e+11  1.44138019e+05  1.86845399e+05
 2.88166667e+01  2.66460455e+11  2.30201049e+11  1.43469047e+05  1.86545090e+05
 2.89166667e+01  2.65223761e+11  2.29827299e+11  1.42803180e+05  1.86242219e+05
 2.90166667e+01  2.63992807e+11  2.29450438e+11  1.42140403e+05  1.85936827e+05
 2.91166667e+01  2.62767566e+11  2.29070513e+11  1.41480703e+05  1.85628952e+05
 2.92166667e+01  2.61548011e+11  2.28687572e+11  1.40824064e+05  1.85318633e+05
 2.93166667e+01  2.60334117e+11  2.28301663e+11  1.40170472e+05  1.85005908e+05
 2.94166667e+01  2.59125857e+11  2.27912831e+11  1.39519914e+05  1.84690816e+05
 2.95166667e+01  2.57923204e+11  2.27521125e+11  1.38872376e+05  1.84373394e+05
 2.96166667e+01  2.56726134e+11  2.27126589e+11  1.38227843e+05  1.84053679e+05
 2.97166667e+01  2.55534619e+11  2.26729270e+11  1.37586301e+05  1.83731708e+05
 2.98166667e+01  2.54348634e+11  2.26329211e+11  1.36947737e+05  1.83407518e+05
 2.99166667e+01  2.53168153e+11  2.25926459e+11  1.36312136e+05  1.83081145e+05
 3.00166667e+01  2.51993151e+11  2.25521058e+11  1.35679485e+05  1.82752625e+05
 3.01166667e+01  2.50823603e+11  2.25113050e+11  1.35049771e+05  1.82421993e+05
 3.02166667e+01  2.49659483e+11  2.24702480e+11  1.34422979e+05  1.82089285e+05
 3.03166667e+01  2.48500766e+11  2.24289391e+11  1.33799097e+05  1.81754535e+05
 3.04166667e+01  2.47347426e+11  2.23873824e+11  1.33178110e+05  1.81417777e+05
 3.05166667e+01  2.46199440e+11  2.23455823e+11  1.32560005e+05  1.81079047e+05
 3.06166667e+01  2.45056781e+11  2.23035429e+11  1.31944768e+05  1.80738378e+05
 3.07166667e+01  2.43919426e+11  2.22612683e+11  1.31332387e+05  1.80395803e+05
 3.08166667e+01  2.42787349e+11  2.22187627e+11  1.30722849e+05  1.80051355e+05
 3.09166667e+01  2.41660527e+11  2.21760300e+11  1.30116139e+05  1.79705068e+05
 3.10166667e+01  2.40538934e+11  2.21330743e+11  1.29512245e+05  1.79356973e+05
 3.11166667e+01  2.39422547e+11  2.20898996e+11  1.28911154e+05  1.79007104e+05
 3.12166667e+01  2.38311342e+11  2.20465098e+11  1.28312853e+05  1.78655492e+05
 3.13166667e+01  2.37205293e+11  2.20029089e+11  1.27717329e+05  1.78302168e+05
 3.14166667e+01  2.36104378e+11  2.19591005e+11  1.27124568e+05  1.77947164e+05
 3.15166667e+01  2.35008573e+11  2.19150887e+11  1.26534559e+05  1.77590511e+05
 3.16166667e+01  2.33917853e+11  2.18708771e+11  1.25947288e+05  1.77232239e+05
 3.17166667e+01  2.32832196e+11  2.18264695e+11  1.25362742e+05  1.76872379e+05
 3.18166667e+01  2.31751577e+11  2.17818697e+11  1.24780910e+05  1.76510961e+05
 3.19166667e+01  2.30675974e+11  2.17370812e+11  1.24201778e+05  1.76148014e+05
 3.20166667e+01  2.29605363e+11  2.16921078e+11  1.23625334e+05  1.75783569e+05
 3.21166667e+01  2.28539720e+11  2.16469530e+11  1.23051565e+05  1.75417654e+05
 3.22166667e+01  2.27479024e+11  2.16016204e+11  1.22480459e+05  1.75050298e+05
 3.23166667e+01  2.26423250e+11  2.15561135e+11  1.21912004e+05  1.74681529e+05
 3.24166667e+01  2.25372377e+11  2.15104358e+11  1.21346187e+05  1.74311377e+05
 3.25166667e+01  2.24326381e+11  2.14645908e+11  1.20782996e+05  1.73939868e+05
 3.26166667e+01  2.23285239e+11  2.14185818e+11  1.20222419e+05  1.73567032e+05
 3.27166667e+01  2.22248930e+11  2.13724124e+11  1.19664444e+05  1.73192894e+05
 3.28166667e+01  2.21217430e+11  2.13260858e+11  1.19109059e+05  1.72817483e+05
 3.29166667e+01  2.20190718e+11  2.12796053e+11  1.18556251e+05  1.72440825e+05
 3.30166667e+01  2.19168771e+11  2.12329743e+11  1.18006009e+05  1.72062948e+05
 3.31166667e+01  2.18151567e+11  2.11861960e+11  1.17458320e+05  1.71683876e+05
 3.32166667e+01  2.17139084e+11  2.11392736e+11  1.16913174e+05  1.71303637e+05
 3.33166667e+01  2.16131300e+11  2.10922104e+11  1.16370558e+05  1.70922257e+05
 3.34166667e+01  2.15128193e+11  2.10450094e+11  1.15830460e+05  1.70539760e+05
 3.35166667e+01  2.14129742e+11  2.09976737e+11  1.15292868e+05  1.70156172e+05
 3.36166667e+01  2.13135925e+11  2.09502066e+11  1.14757772e+05  1.69771519e+05
 3.37166667e+01  2.12146721e+11  2.09026110e+11  1.14225159e+05  1.69385824e+05
 3.38166667e+01  2.11162107e+11  2.08548900e+11  1.13695019e+05  1.68999114e+05
 3.39166667e+01  2.10182064e+11  2.08070465e+11  1.13167338e+05  1.68611411e+05
 3.40166667e+01  2.09206569e+11  2.07590836e+11  1.12642107e+05  1.68222740e+05
 3.41166667e+01  2.08235601e+11  2.07110042e+11  1.12119314e+05  1.67833124e+05
 3.42166667e+01  2.07269140e+11  2.06628111e+11  1.11598947e+05  1.67442589e+05
 3.43166667e+01  2.06307164e+11  2.06145073e+11  1.11080995e+05  1.67051155e+05
 3.44166667e+01  2.05349653e+11  2.05660956e+11  1.10565447e+05  1.66658848e+05
 3.45166667e+01  2.04396586e+11  2.05175788e+11  1.10052291e+05  1.66265688e+05
 3.46166667e+01  2.03447943e+11  2.04689598e+11  1.09541518e+05  1.65871700e+05
 3.47166667e+01  2.02503702e+11  2.04202412e+11  1.09033114e+05  1.65476906e+05
 3.48166667e+01  2.01563844e+11  2.03714258e+11  1.08527071e+05  1.65081327e+05
 3.49166667e+01  2.00628348e+11  2.03225163e+11  1.08023376e+05  1.64684985e+05
 3.50166667e+01  1.99697193e+11  2.02735154e+11  1.07522019e+05  1.64287903e+05
 3.51166667e+01  1.98770360e+11  2.02244258e+11  1.07022989e+05  1.63890101e+05
 3.52166667e+01  1.97847829e+11  2.01752499e+11  1.06526275e+05  1.63491601e+05
 3.53166667e+01  1.96929580e+11  2.01259905e+11  1.06031866e+05  1.63092424e+05
 3.54166667e+01  1.96015592e+11  2.00766501e+11  1.05539752e+05  1.62692591e+05
 3.55166667e+01  1.95105846e+11  2.00272313e+11  1.05049922e+05  1.62292121e+05
 3.56166667e+01  1.94200323e+11  1.99777364e+11  1.04562365e+05  1.61891036e+05
 3.57166667e+01  1.93299002e+11  1.99281682e+11  1.04077071e+05  1.61489356e+05
 3.58166667e+01  1.92401865e+11  1.98785288e+11  1.03594030e+05  1.61087100e+05
 3.59166667e+01  1.91508891e+11  1.98288209e+11  1.03113230e+05  1.60684289e+05
 3.60166667e+01  1.90620062e+11  1.97790468e+11  1.02634662e+05  1.60280941e+05
 3.61166667e+01  1.89735357e+11  1.97292089e+11  1.02158315e+05  1.59877076e+05
 3.62166667e+01  1.88854759e+11  1.96793096e+11  1.01684179e+05  1.59472713e+05
 3.63166667e+01  1.87978249e+11  1.96293511e+11  1.01212243e+05  1.59067871e+05
 3.64166667e+01  1.87105806e+11  1.95793358e+11  1.00742498e+05  1.58662568e+05
 3.65166667e+01  1.86237412e+11  1.95292660e+11  1.00274932e+05  1.58256824e+05
 3.66166667e+01  1.85373049e+11  1.94791439e+11  9.98095373e+04  1.57850655e+05
 3.67166667e+01  1.84512697e+11  1.94289717e+11  9.93463022e+04  1.57444081e+05
 3.68166667e+01  1.83656338e+11  1.93787516e+11  9.88852171e+04  1.57037120e+05
 3.69166667e+01  1.82803954e+11  1.93284859e+11  9.84262719e+04  1.56629788e+05
 3.70166667e+01  1.81955526e+11  1.92781767e+11  9.79694568e+04  1.56222103e+05
 3.71166667e+01  1.81111036e+11  1.92278261e+11  9.75147619e+04  1.55814083e+05
 3.72166667e+01  1.80270465e+11  1.91774362e+11  9.70621773e+04  1.55405745e+05
 3.73166667e+01  1.79433795e+11  1.91270091e+11  9.66116932e+04  1.54997105e+05
 3.74166667e+01  1.78601009e+11  1.90765469e+11  9.61632999e+04  1.54588181e+05
 3.75166667e+01  1.77772088e+11  1.90260516e+11  9.57169877e+04  1.54178989e+05
 3.76166667e+01  1.76947013e+11  1.89755252e+11  9.52727469e+04  1.53769545e+05
 3.77166667e+01  1.76125769e+11  1.89249697e+11  9.48305679e+04  1.53359865e+05
 3.78166667e+01  1.75308335e+11  1.88743872e+11  9.43904411e+04  1.52949966e+05
 3.79166667e+01  1.74494696e+11  1.88237795e+11  9.39523571e+04  1.52539863e+05
 3.80166667e+01  1.73684833e+11  1.87731486e+11  9.35163063e+04  1.52129572e+05
 3.81166667e+01  1.72878728e+11  1.87224964e+11  9.30822793e+04  1.51719108e+05
 3.82166667e+01  1.72076365e+11  1.86718248e+11  9.26502667e+04  1.51308487e+05
 3.83166667e+01  1.71277726e+11  1.86211357e+11  9.22202591e+04  1.50897724e+05
 3.84166667e+01  1.70482793e+11  1.85704308e+11  9.17922473e+04  1.50486833e+05
 3.85166667e+01  1.69691550e+11  1.85197120e+11  9.13662220e+04  1.50075830e+05
 3.86166667e+01  1.68903979e+11  1.84689812e+11  9.09421739e+04  1.49664729e+05
 3.87166667e+01  1.68120064e+11  1.84182400e+11  9.05200939e+04  1.49253544e+05
 3.88166667e+01  1.67339786e+11  1.83674904e+11  9.00999729e+04  1.48842290e+05
 3.89166667e+01  1.66563131e+11  1.83167339e+11  8.96818018e+04  1.48430982e+05
 3.90166667e+01  1.65790079e+11  1.82659723e+11  8.92655714e+04  1.48019632e+05
 3.91166667e+01  1.65020616e+11  1.82152074e+11  8.88512729e+04  1.47608255e+05
 3.92166667e+01  1.64254724e+11  1.81644408e+11  8.84388972e+04  1.47196864e+05
 3.93166667e+01  1.63492386e+11  1.81136742e+11  8.80284354e+04  1.46785473e+05
 3.94166667e+01  1.62733587e+11  1.80629092e+11  8.76198786e+04  1.46374095e+05
 3.95166667e+01  1.61978309e+11  1.80121475e+11  8.72132180e+04  1.45962744e+05
 3.96166667e+01  1.61226537e+11  1.79613906e+11  8.68084449e+04  1.45551431e+05
 3.97166667e+01  1.60478254e+11  1.79106401e+11  8.64055503e+04  1.45140171e+05
 3.98166667e+01  1.59733444e+11  1.78598977e+11  8.60045257e+04  1.44728976e+05
 3.99166667e+01  1.58992090e+11  1.78091648e+11  8.56053623e+04  1.44317859e+05
 4.00166667e+01  1.58254178e+11  1.77584430e+11  8.52080515e+04  1.43906831e+05
 4.01166667e+01  1.57519690e+11  1.77077338e+11  8.48125846e+04  1.43495905e+05
 4.02166667e+01  1.56788611e+11  1.76570387e+11  8.44189532e+04  1.43085094e+05
 4.03166667e+01  1.56060925e+11  1.76063592e+11  8.40271488e+04  1.42674409e+05
 4.04166667e+01  1.55336617e+11  1.75556967e+11  8.36371628e+04  1.42263862e+05
 4.05166667e+01  1.54615670e+11  1.75050527e+11  8.32489867e+04  1.41853465e+05
 4.06166667e+01  1.53898069e+11  1.74544287e+11  8.28626123e+04  1.41443229e+05
 4.07166667e+01  1.53183799e+11  1.74038259e+11  8.24780311e+04  1.41033166e+05
 4.08166667e+01  1.52472843e+11  1.73532458e+11  8.20952348e+04  1.40623286e+05
 4.09166667e+01  1.51765188e+11  1.73026899e+11  8.17142152e+04  1.40213603e+05
 4.10166667e+01  1.51060817e+11  1.72521594e+11  8.13349639e+04  1.39804125e+05
 4.11166667e+01  1.50359715e+11  1.72016556e+11  8.09574729e+04  1.39394864e+05
 4.12166667e+01  1.49661867e+11  1.71511800e+11  8.05817338e+04  1.38985831e+05
 4.13166667e+01  1.48967257e+11  1.71007338e+11  8.02077386e+04  1.38577037e+05
 4.14166667e+01  1.48275872e+11  1.70503183e+11  7.98354792e+04  1.38168491e+05
 4.15166667e+01  1.47587695e+11  1.69999347e+11  7.94649475e+04  1.37760204e+05
 4.16166667e+01  1.46902713e+11  1.69495845e+11  7.90961355e+04  1.37352187e+05
 4.17166667e+01  1.46220909e+11  1.68992687e+11  7.87290353e+04  1.36944450e+05
 4.18166667e+01  1.45542270e+11  1.68489886e+11  7.83636388e+04  1.36537002e+05
 4.19166667e+01  1.44866780e+11  1.67987455e+11  7.79999382e+04  1.36129853e+05
 4.20166667e+01  1.44194426e+11  1.67485406e+11  7.76379256e+04  1.35723013e+05
 4.21166667e+01  1.43525192e+11  1.66983749e+11  7.72775932e+04  1.35316492e+05
 4.22166667e+01  1.42859064e+11  1.66482497e+11  7.69189331e+04  1.34910299e+05
 4.23166667e+01  1.42196028e+11  1.65981662e+11  7.65619377e+04  1.34504444e+05
 4.24166667e+01  1.41536069e+11  1.65481254e+11  7.62065991e+04  1.34098935e+05
 4.25166667e+01  1.40879174e+11  1.64981286e+11  7.58529098e+04  1.33693782e+05
 4.26166667e+01  1.40225326e+11  1.64481768e+11  7.55008620e+04  1.33288994e+05
 4.27166667e+01  1.39574514e+11  1.63982711e+11  7.51504481e+04  1.32884579e+05
 4.28166667e+01  1.38926722e+11  1.63484126e+11  7.48016605e+04  1.32480547e+05
 4.29166667e+01  1.38281937e+11  1.62986023e+11  7.44544917e+04  1.32076906e+05
 4.30166667e+01  1.37640144e+11  1.62488414e+11  7.41089342e+04  1.31673665e+05
 4.31166667e+01  1.37001330e+11  1.61991308e+11  7.37649805e+04  1.31270832e+05
 4.32166667e+01  1.36365480e+11  1.61494716e+11  7.34226232e+04  1.30868415e+05
 4.33166667e+01  1.35732582e+11  1.60998648e+11  7.30818548e+04  1.30466422e+05
 4.34166667e+01  1.35102621e+11  1.60503114e+11  7.27426680e+04  1.30064863e+05
 4.35166667e+01  1.34475584e+11  1.60008124e+11  7.24050554e+04  1.29663744e+05
 4.36166667e+01  1.33851457e+11  1.59513687e+11  7.20690097e+04  1.29263073e+05
 4.37166667e+01  1.33230227e+11  1.59019814e+11  7.17345237e+04  1.28862859e+05
 4.38166667e+01  1.32611880e+11  1.58526513e+11  7.14015901e+04  1.28463109e+05
 4.39166667e+01  1.31996403e+11  1.58033794e+11  7.10702017e+04  1.28063831e+05
 4.40166667e+01  1.31383783e+11  1.57541666e+11  7.07403513e+04  1.27665032e+05
 4.41166667e+01  1.30774006e+11  1.57050138e+11  7.04120318e+04  1.27266719e+05
 4.42166667e+01  1.30167059e+11  1.56559220e+11  7.00852362e+04  1.26868899e+05
 4.43166667e+01  1.29562928e+11  1.56068919e+11  6.97599572e+04  1.26471581e+05
 4.44166667e+01  1.28961602e+11  1.55579246e+11  6.94361880e+04  1.26074770e+05
 4.45166667e+01  1.28363067e+11  1.55090208e+11  6.91139214e+04  1.25678475e+05
 4.46166667e+01  1.27767309e+11  1.54601813e+11  6.87931505e+04  1.25282701e+05
 4.47166667e+01  1.27174317e+11  1.54114071e+11  6.84738683e+04  1.24887455e+05
 4.48166667e+01  1.26584077e+11  1.53626989e+11  6.81560681e+04  1.24492745e+05
 4.49166667e+01  1.25996576e+11  1.53140576e+11  6.78397427e+04  1.24098576e+05
 4.50166667e+01  1.25411802e+11  1.52654839e+11  6.75248856e+04  1.23704956e+05
 4.51166667e+01  1.24829741e+11  1.52169787e+11  6.72114897e+04  1.23311891e+05
 4.52166667e+01  1.24250383e+11  1.51685427e+11  6.68995483e+04  1.22919386e+05
 4.53166667e+01  1.23673713e+11  1.51201767e+11  6.65890548e+04  1.22527448e+05
 4.54166667e+01  1.23099720e+11  1.50718814e+11  6.62800023e+04  1.22136084e+05
 4.55166667e+01  1.22528391e+11  1.50236576e+11  6.59723841e+04  1.21745299e+05
 4.56166667e+01  1.21959713e+11  1.49755060e+11  6.56661937e+04  1.21355099e+05
 4.57166667e+01  1.21393675e+11  1.49274274e+11  6.53614244e+04  1.20965491e+05
 4.58166667e+01  1.20830263e+11  1.48794224e+11  6.50580696e+04  1.20576479e+05
 4.59166667e+01  1.20269467e+11  1.48314918e+11  6.47561227e+04  1.20188070e+05
 4.60166667e+01  1.19711274e+11  1.47836363e+11  6.44555771e+04  1.19800269e+05
 4.61166667e+01  1.19155671e+11  1.47358564e+11  6.41564265e+04  1.19413081e+05
 4.62166667e+01  1.18602647e+11  1.46881530e+11  6.38586643e+04  1.19026513e+05
 4.63166667e+01  1.18052189e+11  1.46405266e+11  6.35622841e+04  1.18640569e+05
 4.64166667e+01  1.17504286e+11  1.45929779e+11  6.32672794e+04  1.18255255e+05
 4.65166667e+01  1.16958927e+11  1.45455076e+11  6.29736439e+04  1.17870576e+05
 4.66166667e+01  1.16416098e+11  1.44981162e+11  6.26813712e+04  1.17486537e+05
 4.67166667e+01  1.15875789e+11  1.44508045e+11  6.23904550e+04  1.17103142e+05
 4.68166667e+01  1.15337987e+11  1.44035729e+11  6.21008890e+04  1.16720398e+05
 4.69166667e+01  1.14802681e+11  1.43564222e+11  6.18126669e+04  1.16338308e+05
 4.70166667e+01  1.14269860e+11  1.43093528e+11  6.15257825e+04  1.15956878e+05
 4.71166667e+01  1.13739512e+11  1.42623654e+11  6.12402296e+04  1.15576113e+05
 4.72166667e+01  1.13211625e+11  1.42154606e+11  6.09560020e+04  1.15196016e+05
 4.73166667e+01  1.12686188e+11  1.41686389e+11  6.06730936e+04  1.14816593e+05
 4.74166667e+01  1.12163190e+11  1.41219008e+11  6.03914982e+04  1.14437847e+05
 4.75166667e+01  1.11642620e+11  1.40752469e+11  6.01112097e+04  1.14059785e+05
 4.76166667e+01  1.11124465e+11  1.40286778e+11  5.98322222e+04  1.13682408e+05
 4.77166667e+01  1.10608715e+11  1.39821940e+11  5.95545294e+04  1.13305723e+05
 4.78166667e+01  1.10095359e+11  1.39357959e+11  5.92781255e+04  1.12929733e+05
 4.79166667e+01  1.09584385e+11  1.38894842e+11  5.90030044e+04  1.12554443e+05
 4.80166667e+01  1.09075783e+11  1.38432592e+11  5.87291602e+04  1.12179855e+05
 4.81166667e+01  1.08569542e+11  1.37971215e+11  5.84565870e+04  1.11805975e+05
 4.82166667e+01  1.08065650e+11  1.37510716e+11  5.81852788e+04  1.11432806e+05
 4.83166667e+01  1.07564097e+11  1.37051100e+11  5.79152298e+04  1.11060353e+05
 4.84166667e+01  1.07064871e+11  1.36592370e+11  5.76464342e+04  1.10688618e+05
 4.85166667e+01  1.06567963e+11  1.36134532e+11  5.73788861e+04  1.10317606e+05
 4.86166667e+01  1.06073360e+11  1.35677591e+11  5.71125797e+04  1.09947320e+05
 4.87166667e+01  1.05581054e+11  1.35221549e+11  5.68475094e+04  1.09577763e+05
 4.88166667e+01  1.05091032e+11  1.34766413e+11  5.65836692e+04  1.09208941e+05
 4.89166667e+01  1.04603284e+11  1.34312186e+11  5.63210536e+04  1.08840854e+05
 4.90166667e+01  1.04117801e+11  1.33858872e+11  5.60596569e+04  1.08473508e+05
 4.91166667e+01  1.03634570e+11  1.33406476e+11  5.57994733e+04  1.08106906e+05
 4.92166667e+01  1.03153582e+11  1.32955001e+11  5.55404973e+04  1.07741050e+05
 4.93166667e+01  1.02674827e+11  1.32504452e+11  5.52827233e+04  1.07375944e+05
 4.94166667e+01  1.02198293e+11  1.32054832e+11  5.50261456e+04  1.07011591e+05
 4.95166667e+01  1.01723971e+11  1.31606145e+11  5.47707588e+04  1.06647994e+05
 4.96166667e+01  1.01251851e+11  1.31158394e+11  5.45165572e+04  1.06285156e+05
 4.97166667e+01  1.00781922e+11  1.30711585e+11  5.42635355e+04  1.05923081e+05
 4.98166667e+01  1.00314174e+11  1.30265719e+11  5.40116881e+04  1.05561770e+05
 4.99166667e+01  9.98485966e+10  1.29820800e+11  5.37610095e+04  1.05201227e+05
 5.00166667e+01  9.93851802e+10  1.29376833e+11  5.35114944e+04  1.04841455e+05
 5.01166667e+01  9.89239147e+10  1.28933820e+11  5.32631374e+04  1.04482456e+05
 5.02166667e+01  9.84647899e+10  1.28491764e+11  5.30159330e+04  1.04124233e+05
 5.03166667e+01  9.80077960e+10  1.28050669e+11  5.27698759e+04  1.03766789e+05
 5.04166667e+01  9.75529232e+10  1.27610538e+11  5.25249609e+04  1.03410125e+05
 5.05166667e+01  9.71001614e+10  1.27171375e+11  5.22811825e+04  1.03054246e+05
 5.06166667e+01  9.66495011e+10  1.26733181e+11  5.20385356e+04  1.02699152e+05
 5.07166667e+01  9.62009323e+10  1.26295960e+11  5.17970148e+04  1.02344847e+05
 5.08166667e+01  9.57544454e+10  1.25859715e+11  5.15566150e+04  1.01991333e+05
 5.09166667e+01  9.53100308e+10  1.25424449e+11  5.13173309e+04  1.01638612e+05
 5.10166667e+01  9.48676787e+10  1.24990164e+11  5.10791574e+04  1.01286686e+05
 5.11166667e+01  9.44273797e+10  1.24556864e+11  5.08420893e+04  1.00935558e+05
 5.12166667e+01  9.39891243e+10  1.24124550e+11  5.06061214e+04  1.00585230e+05
 5.13166667e+01  9.35529028e+10  1.23693226e+11  5.03712488e+04  1.00235703e+05
 5.14166667e+01  9.31187059e+10  1.23262893e+11  5.01374662e+04  9.98869797e+04
 5.15166667e+01  9.26865243e+10  1.22833555e+11  4.99047687e+04  9.95390623e+04
 5.16166667e+01  9.22563484e+10  1.22405213e+11  4.96731511e+04  9.91919526e+04
 5.17166667e+01  9.18281691e+10  1.21977871e+11  4.94426085e+04  9.88456525e+04
 5.18166667e+01  9.14019771e+10  1.21551530e+11  4.92131360e+04  9.85001637e+04
 5.19166667e+01  9.09777631e+10  1.21126192e+11  4.89847284e+04  9.81554881e+04
 5.20166667e+01  9.05555179e+10  1.20701860e+11  4.87573809e+04  9.78116274e+04
 5.21166667e+01  9.01352325e+10  1.20278535e+11  4.85310886e+04  9.74685834e+04
 5.22166667e+01  8.97168977e+10  1.19856220e+11  4.83058466e+04  9.71263575e+04
 5.23166667e+01  8.93005044e+10  1.19434917e+11  4.80816500e+04  9.67849516e+04
 5.24166667e+01  8.88860438e+10  1.19014628e+11  4.78584938e+04  9.64443670e+04
 5.25166667e+01  8.84735067e+10  1.18595354e+11  4.76363734e+04  9.61046054e+04
 5.26166667e+01  8.80628843e+10  1.18177097e+11  4.74152839e+04  9.57656681e+04
 5.27166667e+01  8.76541676e+10  1.17759860e+11  4.71952206e+04  9.54275567e+04
 5.28166667e+01  8.72473479e+10  1.17343643e+11  4.69761786e+04  9.50902725e+04
 5.29166667e+01  8.68424163e+10  1.16928449e+11  4.67581531e+04  9.47538168e+04
 5.30166667e+01  8.64393641e+10  1.16514279e+11  4.65411396e+04  9.44181909e+04
 5.31166667e+01  8.60381825e+10  1.16101134e+11  4.63251333e+04  9.40833961e+04
 5.32166667e+01  8.56388629e+10  1.15689016e+11  4.61101296e+04  9.37494336e+04
 5.33166667e+01  8.52413966e+10  1.15277927e+11  4.58961236e+04  9.34163046e+04
 5.34166667e+01  8.48457750e+10  1.14867868e+11  4.56831110e+04  9.30840102e+04
 5.35166667e+01  8.44519896e+10  1.14458840e+11  4.54710870e+04  9.27525514e+04
 5.36166667e+01  8.40600318e+10  1.14050845e+11  4.52600470e+04  9.24219294e+04
 5.37166667e+01  8.36698932e+10  1.13643883e+11  4.50499865e+04  9.20921452e+04
 5.38166667e+01  8.32815653e+10  1.13237957e+11  4.48409009e+04  9.17631996e+04
 5.39166667e+01  8.28950396e+10  1.12833066e+11  4.46327857e+04  9.14350938e+04
 5.40166667e+01  8.25103079e+10  1.12429213e+11  4.44256364e+04  9.11078285e+04
 5.41166667e+01  8.21273619e+10  1.12026398e+11  4.42194486e+04  9.07814046e+04
 5.42166667e+01  8.17461931e+10  1.11624623e+11  4.40142177e+04  9.04558229e+04
 5.43166667e+01  8.13667934e+10  1.11223888e+11  4.38099393e+04  9.01310843e+04
 5.44166667e+01  8.09891546e+10  1.10824194e+11  4.36066090e+04  8.98071894e+04
