# aMin aMax eMin eMax fluence r.err
# 175 6
# 7 25 6
 0.00000000e+00  1.00000000e+01  0.00000000e+00  2.00000000e-01  3.07160000e+13  1.00000000e-04
 0.00000000e+00  1.00000000e+01  2.00000000e-01  4.00000000e-01  2.04900000e+13  2.00000000e-04
 0.00000000e+00  1.00000000e+01  4.00000000e-01  6.00000000e-01  1.98338000e+13  2.00000000e-04
 0.00000000e+00  1.00000000e+01  6.00000000e-01  8.00000000e-01  1.65898000e+13  2.00000000e-04
 0.00000000e+00  1.00000000e+01  8.00000000e-01  1.00000000e+00  1.74582000e+13  2.00000000e-04
 0.00000000e+00  1.00000000e+01  1.00000000e+00  2.00000000e+00  9.60910000e+13  1.00000000e-04
 0.00000000e+00  1.00000000e+01  2.00000000e+00  4.00000000e+00  1.85238000e+14  1.00000000e-04
 0.00000000e+00  1.00000000e+01  4.00000000e+00  6.00000000e+00  1.48548000e+14  1.00000000e-04
 0.00000000e+00  1.00000000e+01  6.00000000e+00  8.00000000e+00  1.15620000e+14  1.00000000e-04
 0.00000000e+00  1.00000000e+01  8.00000000e+00  1.00000000e+01  9.07960000e+13  1.00000000e-04
 0.00000000e+00  1.00000000e+01  1.00000000e+01  1.20000000e+01  7.24480000e+13  1.00000000e-04
 0.00000000e+00  1.00000000e+01  1.20000000e+01  1.40000000e+01  5.87080000e+13  1.00000000e-04
 0.00000000e+00  1.00000000e+01  1.40000000e+01  1.60000000e+01  4.82220000e+13  1.00000000e-04
 0.00000000e+00  1.00000000e+01  1.60000000e+01  1.80000000e+01  4.00560000e+13  1.00000000e-04
 0.00000000e+00  1.00000000e+01  1.80000000e+01  2.00000000e+01  3.35620000e+13  1.00000000e-04
 0.00000000e+00  1.00000000e+01  2.00000000e+01  2.20000000e+01  2.83100000e+13  1.00000000e-04
 0.00000000e+00  1.00000000e+01  2.20000000e+01  2.40000000e+01  2.36740000e+13  2.00000000e-04
 0.00000000e+00  1.00000000e+01  2.40000000e+01  2.60000000e+01  2.01720000e+13  2.00000000e-04
 0.00000000e+00  1.00000000e+01  2.60000000e+01  2.80000000e+01  1.72250000e+13  2.00000000e-04
 0.00000000e+00  1.00000000e+01  2.80000000e+01  3.00000000e+01  1.44026000e+13  2.00000000e-04
 0.00000000e+00  1.00000000e+01  3.00000000e+01  3.20000000e+01  1.17726000e+13  2.00000000e-04
 0.00000000e+00  1.00000000e+01  3.20000000e+01  3.40000000e+01  9.25180000e+12  2.00000000e-04
 0.00000000e+00  1.00000000e+01  3.40000000e+01  3.60000000e+01  6.67220000e+12  3.00000000e-04
 0.00000000e+00  1.00000000e+01  3.60000000e+01  3.80000000e+01  3.81860000e+12  4.00000000e-04
 0.00000000e+00  1.00000000e+01  3.80000000e+01  4.00000000e+01  8.35180000e+11  9.00000000e-04
 1.00000000e+01  2.00000000e+01  0.00000000e+00  2.00000000e-01  8.87020000e+13  1.00000000e-04
 1.00000000e+01  2.00000000e+01  2.00000000e-01  4.00000000e-01  5.82680000e+13  1.00000000e-04
 1.00000000e+01  2.00000000e+01  4.00000000e-01  6.00000000e-01  5.15100000e+13  1.00000000e-04
 1.00000000e+01  2.00000000e+01  6.00000000e-01  8.00000000e-01  3.79160000e+13  1.00000000e-04
 1.00000000e+01  2.00000000e+01  8.00000000e-01  1.00000000e+00  3.69440000e+13  1.00000000e-04
 1.00000000e+01  2.00000000e+01  1.00000000e+00  2.00000000e+00  1.75170000e+14  1.00000000e-04
 1.00000000e+01  2.00000000e+01  2.00000000e+00  4.00000000e+00  2.76720000e+14  1.00000000e-04
 1.00000000e+01  2.00000000e+01  4.00000000e+00  6.00000000e+00  1.90222000e+14  1.00000000e-04
 1.00000000e+01  2.00000000e+01  6.00000000e+00  8.00000000e+00  1.33498000e+14  1.00000000e-04
 1.00000000e+01  2.00000000e+01  8.00000000e+00  1.00000000e+01  9.71340000e+13  1.00000000e-04
 1.00000000e+01  2.00000000e+01  1.00000000e+01  1.20000000e+01  7.31080000e+13  1.00000000e-04
 1.00000000e+01  2.00000000e+01  1.20000000e+01  1.40000000e+01  5.64940000e+13  1.00000000e-04
 1.00000000e+01  2.00000000e+01  1.40000000e+01  1.60000000e+01  4.45160000e+13  1.00000000e-04
 1.00000000e+01  2.00000000e+01  1.60000000e+01  1.80000000e+01  3.55520000e+13  1.00000000e-04
 1.00000000e+01  2.00000000e+01  1.80000000e+01  2.00000000e+01  2.86520000e+13  1.00000000e-04
 1.00000000e+01  2.00000000e+01  2.00000000e+01  2.20000000e+01  2.31660000e+13  2.00000000e-04
 1.00000000e+01  2.00000000e+01  2.20000000e+01  2.40000000e+01  1.84616000e+13  2.00000000e-04
 1.00000000e+01  2.00000000e+01  2.40000000e+01  2.60000000e+01  1.48808000e+13  2.00000000e-04
 1.00000000e+01  2.00000000e+01  2.60000000e+01  2.80000000e+01  1.18766000e+13  2.00000000e-04
 1.00000000e+01  2.00000000e+01  2.80000000e+01  3.00000000e+01  9.13080000e+12  3.00000000e-04
 1.00000000e+01  2.00000000e+01  3.00000000e+01  3.20000000e+01  6.69700000e+12  3.00000000e-04
 1.00000000e+01  2.00000000e+01  3.20000000e+01  3.40000000e+01  4.53840000e+12  4.00000000e-04
 1.00000000e+01  2.00000000e+01  3.40000000e+01  3.60000000e+01  2.61520000e+12  5.00000000e-04
 1.00000000e+01  2.00000000e+01  3.60000000e+01  3.80000000e+01  9.76320000e+11  8.00000000e-04
 1.00000000e+01  2.00000000e+01  3.80000000e+01  4.00000000e+01  6.74120000e+10  3.10000000e-03
 2.00000000e+01  3.00000000e+01  0.00000000e+00  2.00000000e-01  1.43196000e+14  1.00000000e-04
 2.00000000e+01  3.00000000e+01  2.00000000e-01  4.00000000e-01  9.33280000e+13  1.00000000e-04
 2.00000000e+01  3.00000000e+01  4.00000000e-01  6.00000000e-01  7.74720000e+13  1.00000000e-04
 2.00000000e+01  3.00000000e+01  6.00000000e-01  8.00000000e-01  5.29860000e+13  1.00000000e-04
 2.00000000e+01  3.00000000e+01  8.00000000e-01  1.00000000e+00  4.91980000e+13  1.00000000e-04
 2.00000000e+01  3.00000000e+01  1.00000000e+00  2.00000000e+00  2.07020000e+14  1.00000000e-04
 2.00000000e+01  3.00000000e+01  2.00000000e+00  4.00000000e+00  2.60440000e+14  1.00000000e-04
 2.00000000e+01  3.00000000e+01  4.00000000e+00  6.00000000e+00  1.42596000e+14  1.00000000e-04
 2.00000000e+01  3.00000000e+01  6.00000000e+00  8.00000000e+00  8.93320000e+13  1.00000000e-04
 2.00000000e+01  3.00000000e+01  8.00000000e+00  1.00000000e+01  6.17280000e+13  1.00000000e-04
 2.00000000e+01  3.00000000e+01  1.00000000e+01  1.20000000e+01  4.49760000e+13  1.00000000e-04
 2.00000000e+01  3.00000000e+01  1.20000000e+01  1.40000000e+01  3.37740000e+13  1.00000000e-04
 2.00000000e+01  3.00000000e+01  1.40000000e+01  1.60000000e+01  2.58220000e+13  2.00000000e-04
 2.00000000e+01  3.00000000e+01  1.60000000e+01  1.80000000e+01  1.99556000e+13  2.00000000e-04
 2.00000000e+01  3.00000000e+01  1.80000000e+01  2.00000000e+01  1.54786000e+13  2.00000000e-04
 2.00000000e+01  3.00000000e+01  2.00000000e+01  2.20000000e+01  1.19746000e+13  2.00000000e-04
 2.00000000e+01  3.00000000e+01  2.20000000e+01  2.40000000e+01  9.08160000e+12  3.00000000e-04
 2.00000000e+01  3.00000000e+01  2.40000000e+01  2.60000000e+01  6.86960000e+12  3.00000000e-04
 2.00000000e+01  3.00000000e+01  2.60000000e+01  2.80000000e+01  5.06780000e+12  4.00000000e-04
 2.00000000e+01  3.00000000e+01  2.80000000e+01  3.00000000e+01  3.53480000e+12  4.00000000e-04
 2.00000000e+01  3.00000000e+01  3.00000000e+01  3.20000000e+01  2.29220000e+12  5.00000000e-04
 2.00000000e+01  3.00000000e+01  3.20000000e+01  3.40000000e+01  1.31838000e+12  7.00000000e-04
 2.00000000e+01  3.00000000e+01  3.40000000e+01  3.60000000e+01  5.94020000e+11  1.00000000e-03
 2.00000000e+01  3.00000000e+01  3.60000000e+01  3.80000000e+01  1.52508000e+11  2.10000000e-03
 2.00000000e+01  3.00000000e+01  3.80000000e+01  4.00000000e+01  6.13540000e+09  1.02000000e-02
 3.00000000e+01  4.00000000e+01  0.00000000e+00  2.00000000e-01  1.99152000e+14  1.00000000e-04
 3.00000000e+01  4.00000000e+01  2.00000000e-01  4.00000000e-01  1.33260000e+14  1.00000000e-04
 3.00000000e+01  4.00000000e+01  4.00000000e-01  6.00000000e-01  1.10334000e+14  1.00000000e-04
 3.00000000e+01  4.00000000e+01  6.00000000e-01  8.00000000e-01  7.41220000e+13  1.00000000e-04
 3.00000000e+01  4.00000000e+01  8.00000000e-01  1.00000000e+00  6.70580000e+13  1.00000000e-04
 3.00000000e+01  4.00000000e+01  1.00000000e+00  2.00000000e+00  2.52580000e+14  1.00000000e-04
 3.00000000e+01  4.00000000e+01  2.00000000e+00  4.00000000e+00  2.39040000e+14  1.00000000e-04
 3.00000000e+01  4.00000000e+01  4.00000000e+00  6.00000000e+00  1.11448000e+14  1.00000000e-04
 3.00000000e+01  4.00000000e+01  6.00000000e+00  8.00000000e+00  6.74500000e+13  1.00000000e-04
 3.00000000e+01  4.00000000e+01  8.00000000e+00  1.00000000e+01  4.50720000e+13  1.00000000e-04
 3.00000000e+01  4.00000000e+01  1.00000000e+01  1.20000000e+01  3.16520000e+13  1.00000000e-04
 3.00000000e+01  4.00000000e+01  1.20000000e+01  1.40000000e+01  2.28660000e+13  2.00000000e-04
 3.00000000e+01  4.00000000e+01  1.40000000e+01  1.60000000e+01  1.67816000e+13  2.00000000e-04
 3.00000000e+01  4.00000000e+01  1.60000000e+01  1.80000000e+01  1.24232000e+13  2.00000000e-04
 3.00000000e+01  4.00000000e+01  1.80000000e+01  2.00000000e+01  9.18240000e+12  3.00000000e-04
 3.00000000e+01  4.00000000e+01  2.00000000e+01  2.20000000e+01  6.74540000e+12  3.00000000e-04
 3.00000000e+01  4.00000000e+01  2.20000000e+01  2.40000000e+01  4.87440000e+12  4.00000000e-04
 3.00000000e+01  4.00000000e+01  2.40000000e+01  2.60000000e+01  3.42800000e+12  4.00000000e-04
 3.00000000e+01  4.00000000e+01  2.60000000e+01  2.80000000e+01  2.31720000e+12  5.00000000e-04
 3.00000000e+01  4.00000000e+01  2.80000000e+01  3.00000000e+01  1.46712000e+12  7.00000000e-04
 3.00000000e+01  4.00000000e+01  3.00000000e+01  3.20000000e+01  8.46300000e+11  9.00000000e-04
 3.00000000e+01  4.00000000e+01  3.20000000e+01  3.40000000e+01  4.18880000e+11  1.20000000e-03
 3.00000000e+01  4.00000000e+01  3.40000000e+01  3.60000000e+01  1.57814000e+11  2.00000000e-03
 3.00000000e+01  4.00000000e+01  3.60000000e+01  3.80000000e+01  3.52080000e+10  4.30000000e-03
 3.00000000e+01  4.00000000e+01  3.80000000e+01  4.00000000e+01  1.65272000e+09  1.99000000e-02
 4.00000000e+01  5.00000000e+01  0.00000000e+00  2.00000000e-01  2.59140000e+14  1.00000000e-04
 4.00000000e+01  5.00000000e+01  2.00000000e-01  4.00000000e-01  1.81362000e+14  1.00000000e-04
 4.00000000e+01  5.00000000e+01  4.00000000e-01  6.00000000e-01  1.53970000e+14  1.00000000e-04
 4.00000000e+01  5.00000000e+01  6.00000000e-01  8.00000000e-01  1.01616000e+14  1.00000000e-04
 4.00000000e+01  5.00000000e+01  8.00000000e-01  1.00000000e+00  8.84120000e+13  1.00000000e-04
 4.00000000e+01  5.00000000e+01  1.00000000e+00  2.00000000e+00  2.82240000e+14  1.00000000e-04
 4.00000000e+01  5.00000000e+01  2.00000000e+00  4.00000000e+00  2.06940000e+14  1.00000000e-04
 4.00000000e+01  5.00000000e+01  4.00000000e+00  6.00000000e+00  9.06440000e+13  1.00000000e-04
 4.00000000e+01  5.00000000e+01  6.00000000e+00  8.00000000e+00  5.21340000e+13  1.00000000e-04
 4.00000000e+01  5.00000000e+01  8.00000000e+00  1.00000000e+01  3.32420000e+13  1.00000000e-04
 4.00000000e+01  5.00000000e+01  1.00000000e+01  1.20000000e+01  2.23220000e+13  2.00000000e-04
 4.00000000e+01  5.00000000e+01  1.20000000e+01  1.40000000e+01  1.54320000e+13  2.00000000e-04
 4.00000000e+01  5.00000000e+01  1.40000000e+01  1.60000000e+01  1.08234000e+13  2.00000000e-04
 4.00000000e+01  5.00000000e+01  1.60000000e+01  1.80000000e+01  7.63960000e+12  3.00000000e-04
 4.00000000e+01  5.00000000e+01  1.80000000e+01  2.00000000e+01  5.37580000e+12  4.00000000e-04
 4.00000000e+01  5.00000000e+01  2.00000000e+01  2.20000000e+01  3.74140000e+12  4.00000000e-04
 4.00000000e+01  5.00000000e+01  2.20000000e+01  2.40000000e+01  2.55020000e+12  5.00000000e-04
 4.00000000e+01  5.00000000e+01  2.40000000e+01  2.60000000e+01  1.67842000e+12  6.00000000e-04
 4.00000000e+01  5.00000000e+01  2.60000000e+01  2.80000000e+01  1.05392000e+12  8.00000000e-04
 4.00000000e+01  5.00000000e+01  2.80000000e+01  3.00000000e+01  6.16080000e+11  1.00000000e-03
 4.00000000e+01  5.00000000e+01  3.00000000e+01  3.20000000e+01  3.24420000e+11  1.40000000e-03
 4.00000000e+01  5.00000000e+01  3.20000000e+01  3.40000000e+01  1.47222000e+11  2.10000000e-03
 4.00000000e+01  5.00000000e+01  3.40000000e+01  3.60000000e+01  5.30120000e+10  3.50000000e-03
 4.00000000e+01  5.00000000e+01  3.60000000e+01  3.80000000e+01  1.24984000e+10  7.30000000e-03
 4.00000000e+01  5.00000000e+01  3.80000000e+01  4.00000000e+01  7.01780000e+08  3.00000000e-02
 5.00000000e+01  6.00000000e+01  0.00000000e+00  2.00000000e-01  3.20060000e+14  1.00000000e-04
 5.00000000e+01  6.00000000e+01  2.00000000e-01  4.00000000e-01  2.32120000e+14  1.00000000e-04
 5.00000000e+01  6.00000000e+01  4.00000000e-01  6.00000000e-01  1.99092000e+14  1.00000000e-04
 5.00000000e+01  6.00000000e+01  6.00000000e-01  8.00000000e-01  1.25784000e+14  1.00000000e-04
 5.00000000e+01  6.00000000e+01  8.00000000e-01  1.00000000e+00  1.02406000e+14  1.00000000e-04
 5.00000000e+01  6.00000000e+01  1.00000000e+00  2.00000000e+00  2.61960000e+14  1.00000000e-04
 5.00000000e+01  6.00000000e+01  2.00000000e+00  4.00000000e+00  1.64300000e+14  1.00000000e-04
 5.00000000e+01  6.00000000e+01  4.00000000e+00  6.00000000e+00  6.77580000e+13  1.00000000e-04
 5.00000000e+01  6.00000000e+01  6.00000000e+00  8.00000000e+00  3.71100000e+13  1.00000000e-04
 5.00000000e+01  6.00000000e+01  8.00000000e+00  1.00000000e+01  2.25800000e+13  2.00000000e-04
 5.00000000e+01  6.00000000e+01  1.00000000e+01  1.20000000e+01  1.44712000e+13  2.00000000e-04
 5.00000000e+01  6.00000000e+01  1.20000000e+01  1.40000000e+01  9.54380000e+12  3.00000000e-04
 5.00000000e+01  6.00000000e+01  1.40000000e+01  1.60000000e+01  6.38120000e+12  3.00000000e-04
 5.00000000e+01  6.00000000e+01  1.60000000e+01  1.80000000e+01  4.28340000e+12  4.00000000e-04
 5.00000000e+01  6.00000000e+01  1.80000000e+01  2.00000000e+01  2.86360000e+12  5.00000000e-04
 5.00000000e+01  6.00000000e+01  2.00000000e+01  2.20000000e+01  1.88986000e+12  6.00000000e-04
 5.00000000e+01  6.00000000e+01  2.20000000e+01  2.40000000e+01  1.21606000e+12  7.00000000e-04
 5.00000000e+01  6.00000000e+01  2.40000000e+01  2.60000000e+01  7.55620000e+11  9.00000000e-04
 5.00000000e+01  6.00000000e+01  2.60000000e+01  2.80000000e+01  4.47360000e+11  1.20000000e-03
 5.00000000e+01  6.00000000e+01  2.80000000e+01  3.00000000e+01  2.45420000e+11  1.60000000e-03
 5.00000000e+01  6.00000000e+01  3.00000000e+01  3.20000000e+01  1.23630000e+11  2.20000000e-03
 5.00000000e+01  6.00000000e+01  3.20000000e+01  3.40000000e+01  5.53860000e+10  3.40000000e-03
 5.00000000e+01  6.00000000e+01  3.40000000e+01  3.60000000e+01  2.10620000e+10  5.50000000e-03
 5.00000000e+01  6.00000000e+01  3.60000000e+01  3.80000000e+01  5.36560000e+09  1.08000000e-02
 5.00000000e+01  6.00000000e+01  3.80000000e+01  4.00000000e+01  3.31820000e+08  4.35000000e-02
 6.00000000e+01  9.00000000e+01  0.00000000e+00  2.00000000e-01  1.25174000e+15  0.00000000e+00
 6.00000000e+01  9.00000000e+01  2.00000000e-01  4.00000000e-01  9.51720000e+14  0.00000000e+00
 6.00000000e+01  9.00000000e+01  4.00000000e-01  6.00000000e-01  7.90200000e+14  0.00000000e+00
 6.00000000e+01  9.00000000e+01  6.00000000e-01  8.00000000e-01  3.92560000e+14  1.00000000e-04
 6.00000000e+01  9.00000000e+01  8.00000000e-01  1.00000000e+00  2.54020000e+14  1.00000000e-04
 6.00000000e+01  9.00000000e+01  1.00000000e+00  2.00000000e+00  5.21740000e+14  0.00000000e+00
 6.00000000e+01  9.00000000e+01  2.00000000e+00  4.00000000e+00  2.96060000e+14  1.00000000e-04
 6.00000000e+01  9.00000000e+01  4.00000000e+00  6.00000000e+00  1.09616000e+14  1.00000000e-04
 6.00000000e+01  9.00000000e+01  6.00000000e+00  8.00000000e+00  5.35860000e+13  1.00000000e-04
 6.00000000e+01  9.00000000e+01  8.00000000e+00  1.00000000e+01  2.94140000e+13  1.00000000e-04
 6.00000000e+01  9.00000000e+01  1.00000000e+01  1.20000000e+01  1.71138000e+13  2.00000000e-04
 6.00000000e+01  9.00000000e+01  1.20000000e+01  1.40000000e+01  1.02974000e+13  2.00000000e-04
 6.00000000e+01  9.00000000e+01  1.40000000e+01  1.60000000e+01  6.30920000e+12  3.00000000e-04
 6.00000000e+01  9.00000000e+01  1.60000000e+01  1.80000000e+01  3.89480000e+12  4.00000000e-04
 6.00000000e+01  9.00000000e+01  1.80000000e+01  2.00000000e+01  2.40000000e+12  5.00000000e-04
 6.00000000e+01  9.00000000e+01  2.00000000e+01  2.20000000e+01  1.46400000e+12  7.00000000e-04
 6.00000000e+01  9.00000000e+01  2.20000000e+01  2.40000000e+01  8.75180000e+11  9.00000000e-04
 6.00000000e+01  9.00000000e+01  2.40000000e+01  2.60000000e+01  5.09760000e+11  1.10000000e-03
 6.00000000e+01  9.00000000e+01  2.60000000e+01  2.80000000e+01  2.85600000e+11  1.50000000e-03
 6.00000000e+01  9.00000000e+01  2.80000000e+01  3.00000000e+01  1.51216000e+11  2.10000000e-03
 6.00000000e+01  9.00000000e+01  3.00000000e+01  3.20000000e+01  7.69280000e+10  2.90000000e-03
 6.00000000e+01  9.00000000e+01  3.20000000e+01  3.40000000e+01  3.56660000e+10  4.30000000e-03
 6.00000000e+01  9.00000000e+01  3.40000000e+01  3.60000000e+01  1.45910000e+10  6.50000000e-03
 6.00000000e+01  9.00000000e+01  3.60000000e+01  3.80000000e+01  3.91060000e+09  1.28000000e-02
 6.00000000e+01  9.00000000e+01  3.80000000e+01  4.00000000e+01  3.21000000e+08  4.46000000e-02
