# x1 x2 x3 x4
# 9 4
# 9 4
 2.00000000e+00  2.00000000e+00  2.90768835e+09  1.75633035e+11
 3.00000000e+00  3.00000000e+00  7.11990572e+09  2.70924815e+11
 4.00000000e+00  4.00000000e+00  7.00037958e+09  3.13802183e+11
 5.00000000e+00  5.00000000e+00  8.03681464e+09  3.29731586e+11
 6.00000000e+00  6.00000000e+00  7.50876143e+09  3.37852134e+11
 7.00000000e+00  7.00000000e+00  2.08235628e+09  3.43386108e+11
 8.00000000e+00  8.00000000e+00  1.58806638e+10  3.37282069e+11
 9.00000000e+00  9.00000000e+00  7.56136026e+09  3.32480774e+11
 1.00000000e+01  1.00000000e+01  6.89833957e+09  3.25980812e+11
