# x1 x2 x3 x4
# 207 4
# 23 9 4
 2.00000000e+00  2.00000000e+00  3.36259179e+11  9.25213233e+09
 2.00000000e+00  3.00000000e+00  3.53363572e+11  9.59144984e+09
 2.00000000e+00  4.00000000e+00  3.36556271e+11  9.82454717e+09
 2.00000000e+00  5.00000000e+00  3.07871972e+11  1.00030803e+10
 2.00000000e+00  6.00000000e+00  2.83011576e+11  1.01239011e+10
 2.00000000e+00  7.00000000e+00  2.57099409e+11  1.02256992e+10
 2.00000000e+00  8.00000000e+00  2.33511828e+11  1.03078741e+10
 2.00000000e+00  9.00000000e+00  2.07724941e+11  1.03907095e+10
 2.00000000e+00  1.00000000e+01  1.93522273e+11  1.04323764e+10
 3.00000000e+00  2.00000000e+00  3.29475879e+11  9.59144984e+09
 3.00000000e+00  3.00000000e+00  3.73559921e+11  9.82454717e+09
 3.00000000e+00  4.00000000e+00  3.72080009e+11  1.00030803e+10
 3.00000000e+00  5.00000000e+00  3.59786373e+11  1.01239011e+10
 3.00000000e+00  6.00000000e+00  3.38003451e+11  1.02256992e+10
 3.00000000e+00  7.00000000e+00  3.14421146e+11  1.03078741e+10
 3.00000000e+00  8.00000000e+00  2.84748736e+11  1.03907095e+10
 3.00000000e+00  9.00000000e+00  2.68990636e+11  1.04323764e+10
 3.00000000e+00  1.00000000e+01  2.42319516e+11  1.04951903e+10
 4.00000000e+00  2.00000000e+00  3.09661950e+11  9.82454717e+09
 4.00000000e+00  3.00000000e+00  3.67167850e+11  1.00030803e+10
 4.00000000e+00  4.00000000e+00  3.86577537e+11  1.01239011e+10
 4.00000000e+00  5.00000000e+00  3.82021114e+11  1.02256992e+10
 4.00000000e+00  6.00000000e+00  3.67500154e+11  1.03078741e+10
 4.00000000e+00  7.00000000e+00  3.40871263e+11  1.03907095e+10
 4.00000000e+00  8.00000000e+00  3.27820451e+11  1.04323764e+10
 4.00000000e+00  9.00000000e+00  2.99447243e+11  1.04951903e+10
 4.00000000e+00  1.00000000e+01  2.78927314e+11  1.05372763e+10
 5.00000000e+00  2.00000000e+00  2.85391922e+11  1.00030803e+10
 5.00000000e+00  3.00000000e+00  3.49869803e+11  1.01441794e+10
 5.00000000e+00  4.00000000e+00  3.75402745e+11  1.02461813e+10
 5.00000000e+00  5.00000000e+00  3.78812835e+11  1.03285209e+10
 5.00000000e+00  6.00000000e+00  3.73581731e+11  1.03907095e+10
 5.00000000e+00  7.00000000e+00  3.55917241e+11  1.04532725e+10
 5.00000000e+00  8.00000000e+00  3.42191063e+11  1.04951903e+10
 5.00000000e+00  9.00000000e+00  3.23200804e+11  1.05372763e+10
 5.00000000e+00  1.00000000e+01  3.00608823e+11  1.05795310e+10
 6.00000000e+00  2.00000000e+00  2.61115609e+11  1.01441794e+10
 6.00000000e+00  3.00000000e+00  3.33522054e+11  1.02461813e+10
 6.00000000e+00  4.00000000e+00  3.66450562e+11  1.03285209e+10
 6.00000000e+00  5.00000000e+00  3.80146210e+11  1.03907095e+10
 6.00000000e+00  6.00000000e+00  3.74536035e+11  1.04532725e+10
 6.00000000e+00  7.00000000e+00  3.68804363e+11  1.04951903e+10
 6.00000000e+00  8.00000000e+00  3.54625628e+11  1.05372763e+10
 6.00000000e+00  9.00000000e+00  3.34450964e+11  1.05795310e+10
 6.00000000e+00  1.00000000e+01  3.24467171e+11  1.06007218e+10
 7.00000000e+00  2.00000000e+00  2.42044093e+11  1.02461813e+10
 7.00000000e+00  3.00000000e+00  3.16581888e+11  1.03285209e+10
 7.00000000e+00  4.00000000e+00  3.57589643e+11  1.03907095e+10
 7.00000000e+00  5.00000000e+00  3.70597259e+11  1.04532725e+10
 7.00000000e+00  6.00000000e+00  3.77384616e+11  1.04951903e+10
 7.00000000e+00  7.00000000e+00  3.71655929e+11  1.05372763e+10
 7.00000000e+00  8.00000000e+00  3.56840137e+11  1.05795310e+10
 7.00000000e+00  9.00000000e+00  3.51030661e+11  1.06007218e+10
 7.00000000e+00  1.00000000e+01  3.41075897e+11  1.06219551e+10
 8.00000000e+00  2.00000000e+00  2.25101848e+11  1.03285209e+10
 8.00000000e+00  3.00000000e+00  3.02676475e+11  1.03907095e+10
 8.00000000e+00  4.00000000e+00  3.41554124e+11  1.04532725e+10
 8.00000000e+00  5.00000000e+00  3.65860775e+11  1.04951903e+10
 8.00000000e+00  6.00000000e+00  3.72608082e+11  1.05372763e+10
 8.00000000e+00  7.00000000e+00  3.66410330e+11  1.05795310e+10
 8.00000000e+00  8.00000000e+00  3.66952086e+11  1.06007218e+10
 8.00000000e+00  9.00000000e+00  3.44797169e+11  1.06432309e+10
 8.00000000e+00  1.00000000e+01  3.34572937e+11  1.06645493e+10
 9.00000000e+00  2.00000000e+00  2.11889785e+11  1.03907095e+10
 9.00000000e+00  3.00000000e+00  2.84637178e+11  1.04532725e+10
 9.00000000e+00  4.00000000e+00  3.31979707e+11  1.04951903e+10
 9.00000000e+00  5.00000000e+00  3.55649568e+11  1.05372763e+10
 9.00000000e+00  6.00000000e+00  3.61673984e+11  1.05795310e+10
 9.00000000e+00  7.00000000e+00  3.70972510e+11  1.06007218e+10
 9.00000000e+00  8.00000000e+00  3.54867606e+11  1.06432309e+10
 9.00000000e+00  9.00000000e+00  3.49161635e+11  1.06645493e+10
 9.00000000e+00  1.00000000e+01  3.38863137e+11  1.06859105e+10
 1.00000000e+01  2.00000000e+00  1.96836478e+11  1.04532725e+10
 1.00000000e+01  3.00000000e+00  2.73291570e+11  1.04951903e+10
 1.00000000e+01  4.00000000e+00  3.18786983e+11  1.05372763e+10
 1.00000000e+01  5.00000000e+00  3.41012180e+11  1.05795310e+10
 1.00000000e+01  6.00000000e+00  3.61721145e+11  1.06007218e+10
 1.00000000e+01  7.00000000e+00  3.54389896e+11  1.06432309e+10
 1.00000000e+01  8.00000000e+00  3.54986461e+11  1.06645493e+10
 1.00000000e+01  9.00000000e+00  3.49335437e+11  1.06859105e+10
 1.00000000e+01  1.00000000e+01  3.38895108e+11  1.07073144e+10
 1.10000000e+01  2.00000000e+00  1.87134073e+11  1.04951903e+10
 1.10000000e+01  3.00000000e+00  2.59853130e+11  1.05372763e+10
 1.10000000e+01  4.00000000e+00  3.02664064e+11  1.05795310e+10
 1.10000000e+01  5.00000000e+00  3.37706323e+11  1.06007218e+10
 1.10000000e+01  6.00000000e+00  3.42157587e+11  1.06432309e+10
 1.10000000e+01  7.00000000e+00  3.51026124e+11  1.06645493e+10
 1.10000000e+01  8.00000000e+00  3.51674266e+11  1.06859105e+10
 1.10000000e+01  9.00000000e+00  3.45936424e+11  1.07073144e+10
 1.10000000e+01  1.00000000e+01  3.35269861e+11  1.07287612e+10
 1.20000000e+01  2.00000000e+00  1.76493115e+11  1.05372763e+10
 1.20000000e+01  3.00000000e+00  2.44715464e+11  1.05795310e+10
 1.20000000e+01  4.00000000e+00  2.97305773e+11  1.06007218e+10
 1.20000000e+01  5.00000000e+00  3.16857981e+11  1.06432309e+10
 1.20000000e+01  6.00000000e+00  3.36168846e+11  1.06645493e+10
 1.20000000e+01  7.00000000e+00  3.44938301e+11  1.06859105e+10
 1.20000000e+01  8.00000000e+00  3.45435859e+11  1.07073144e+10
 1.20000000e+01  9.00000000e+00  3.39467878e+11  1.07287612e+10
 1.20000000e+01  1.00000000e+01  3.49411185e+11  1.07287612e+10
 1.30000000e+01  2.00000000e+00  1.65086625e+11  1.05795310e+10
 1.30000000e+01  3.00000000e+00  2.28175957e+11  1.06219551e+10
 1.30000000e+01  4.00000000e+00  2.77063592e+11  1.06432309e+10
 1.30000000e+01  5.00000000e+00  3.09205065e+11  1.06645493e+10
 1.30000000e+01  6.00000000e+00  3.28102926e+11  1.06859105e+10
 1.30000000e+01  7.00000000e+00  3.36526221e+11  1.07073144e+10
 1.30000000e+01  8.00000000e+00  3.36682446e+11  1.07287612e+10
 1.30000000e+01  9.00000000e+00  3.30343850e+11  1.07502509e+10
 1.30000000e+01  1.00000000e+01  3.40633116e+11  1.07502509e+10
 1.40000000e+01  2.00000000e+00  1.53045245e+11  1.06219551e+10
 1.40000000e+01  3.00000000e+00  2.21222941e+11  1.06432309e+10
 1.40000000e+01  4.00000000e+00  2.68819578e+11  1.06645493e+10
 1.40000000e+01  5.00000000e+00  3.00053520e+11  1.06859105e+10
 1.40000000e+01  6.00000000e+00  3.18263679e+11  1.07073144e+10
 1.40000000e+01  7.00000000e+00  3.26115506e+11  1.07287612e+10
 1.40000000e+01  8.00000000e+00  3.25752306e+11  1.07502509e+10
 1.40000000e+01  9.00000000e+00  3.40597288e+11  1.07502509e+10
 1.40000000e+01  1.00000000e+01  3.29383696e+11  1.07717837e+10
 1.50000000e+01  2.00000000e+00  1.47650645e+11  1.06432309e+10
 1.50000000e+01  3.00000000e+00  2.13583069e+11  1.06645493e+10
 1.50000000e+01  4.00000000e+00  2.59578219e+11  1.06859105e+10
 1.50000000e+01  5.00000000e+00  2.89621586e+11  1.07073144e+10
 1.50000000e+01  6.00000000e+00  3.06898557e+11  1.07287612e+10
 1.50000000e+01  7.00000000e+00  3.13974011e+11  1.07502509e+10
 1.50000000e+01  8.00000000e+00  3.34208649e+11  1.07502509e+10
 1.50000000e+01  9.00000000e+00  3.27726562e+11  1.07717837e+10
 1.50000000e+01  1.00000000e+01  3.15960185e+11  1.07933597e+10
 1.60000000e+01  2.00000000e+00  1.41942993e+11  1.06645493e+10
 1.60000000e+01  3.00000000e+00  2.05360128e+11  1.06859105e+10
 1.60000000e+01  4.00000000e+00  2.49483829e+11  1.07073144e+10
 1.60000000e+01  5.00000000e+00  2.78086973e+11  1.07287612e+10
 1.60000000e+01  6.00000000e+00  2.94211096e+11  1.07502509e+10
 1.60000000e+01  7.00000000e+00  3.20749389e+11  1.07502509e+10
 1.60000000e+01  8.00000000e+00  3.20206462e+11  1.07717837e+10
 1.60000000e+01  9.00000000e+00  3.13028481e+11  1.07933597e+10
 1.60000000e+01  1.00000000e+01  3.24199109e+11  1.07933597e+10
 1.70000000e+01  2.00000000e+00  1.35968929e+11  1.06859105e+10
 1.70000000e+01  3.00000000e+00  1.96637657e+11  1.07073144e+10
 1.70000000e+01  4.00000000e+00  2.38653897e+11  1.07287612e+10
 1.70000000e+01  5.00000000e+00  2.65595835e+11  1.07502509e+10
 1.70000000e+01  6.00000000e+00  2.99438471e+11  1.07502509e+10
 1.70000000e+01  7.00000000e+00  3.06164377e+11  1.07717837e+10
 1.70000000e+01  8.00000000e+00  3.04704394e+11  1.07933597e+10
 1.70000000e+01  9.00000000e+00  3.19992444e+11  1.07933597e+10
 1.70000000e+01  1.00000000e+01  3.07699216e+11  1.08149788e+10
 1.80000000e+01  2.00000000e+00  1.29765970e+11  1.07073144e+10
 1.80000000e+01  3.00000000e+00  1.87483648e+11  1.07287612e+10
 1.80000000e+01  4.00000000e+00  2.27185035e+11  1.07502509e+10
 1.80000000e+01  5.00000000e+00  2.69426547e+11  1.07502509e+10
 1.80000000e+01  6.00000000e+00  2.84883301e+11  1.07717837e+10
 1.80000000e+01  7.00000000e+00  2.90384785e+11  1.07933597e+10
 1.80000000e+01  8.00000000e+00  3.10459649e+11  1.07933597e+10
 1.80000000e+01  9.00000000e+00  3.02708679e+11  1.08149788e+10
 1.80000000e+01  1.00000000e+01  3.14239415e+11  1.08149788e+10
 1.90000000e+01  2.00000000e+00  1.23364636e+11  1.07287612e+10
 1.90000000e+01  3.00000000e+00  1.77953997e+11  1.07502509e+10
 1.90000000e+01  4.00000000e+00  2.29790466e+11  1.07502509e+10
 1.90000000e+01  5.00000000e+00  2.55583576e+11  1.07717837e+10
 1.90000000e+01  6.00000000e+00  2.69413500e+11  1.07933597e+10
 1.90000000e+01  7.00000000e+00  2.95007777e+11  1.07933597e+10
 1.90000000e+01  8.00000000e+00  2.92835330e+11  1.08149788e+10
 1.90000000e+01  9.00000000e+00  3.08242347e+11  1.08149788e+10
 1.90000000e+01  1.00000000e+01  2.95262467e+11  1.08366413e+10
 2.00000000e+01  2.00000000e+00  1.16790008e+11  1.07502509e+10
 2.00000000e+01  3.00000000e+00  1.68095070e+11  1.07717837e+10
 2.00000000e+01  4.00000000e+00  2.17417860e+11  1.07717837e+10
 2.00000000e+01  5.00000000e+00  2.41077098e+11  1.07933597e+10
 2.00000000e+01  6.00000000e+00  2.72991807e+11  1.07933597e+10
 2.00000000e+01  7.00000000e+00  2.77537982e+11  1.08149788e+10
 2.00000000e+01  8.00000000e+00  2.97414100e+11  1.08149788e+10
 2.00000000e+01  9.00000000e+00  2.88875387e+11  1.08366413e+10
 2.00000000e+01  1.00000000e+01  3.00474595e+11  1.08366413e+10
 2.10000000e+01  2.00000000e+00  1.10062878e+11  1.07717837e+10
 2.10000000e+01  3.00000000e+00  1.69465713e+11  1.07717837e+10
 2.10000000e+01  4.00000000e+00  2.04600258e+11  1.07933597e+10
 2.10000000e+01  5.00000000e+00  2.43710456e+11  1.07933597e+10
 2.10000000e+01  6.00000000e+00  2.56227962e+11  1.08149788e+10
 2.10000000e+01  7.00000000e+00  2.81221458e+11  1.08149788e+10
 2.10000000e+01  8.00000000e+00  2.78078710e+11  1.08366413e+10
 2.10000000e+01  9.00000000e+00  2.93290505e+11  1.08366413e+10
 2.10000000e+01  1.00000000e+01  3.05314549e+11  1.08366413e+10
 2.20000000e+01  2.00000000e+00  1.10727766e+11  1.07717837e+10
 2.20000000e+01  3.00000000e+00  1.59140827e+11  1.07933597e+10
 2.20000000e+01  4.00000000e+00  2.06401662e+11  1.07933597e+10
 2.20000000e+01  5.00000000e+00  2.28265290e+11  1.08149788e+10
 2.20000000e+01  6.00000000e+00  2.59084457e+11  1.08149788e+10
 2.20000000e+01  7.00000000e+00  2.62387686e+11  1.08366413e+10
 2.20000000e+01  8.00000000e+00  2.81737080e+11  1.08366413e+10
 2.20000000e+01  9.00000000e+00  2.97390130e+11  1.08366413e+10
 2.20000000e+01  1.00000000e+01  2.83637100e+11  1.08583471e+10
 2.30000000e+01  2.00000000e+00  1.03784490e+11  1.07933597e+10
 2.30000000e+01  3.00000000e+00  1.60237727e+11  1.07933597e+10
 2.30000000e+01  4.00000000e+00  1.92954566e+11  1.08149788e+10
 2.30000000e+01  5.00000000e+00  2.30372623e+11  1.08149788e+10
 2.30000000e+01  6.00000000e+00  2.41275101e+11  1.08366413e+10
 2.30000000e+01  7.00000000e+00  2.65335813e+11  1.08366413e+10
 2.30000000e+01  8.00000000e+00  2.85133805e+11  1.08366413e+10
 2.30000000e+01  9.00000000e+00  2.75751726e+11  1.08583471e+10
 2.30000000e+01  1.00000000e+01  2.87514451e+11  1.08583471e+10
 2.40000000e+01  2.00000000e+00  1.04320079e+11  1.07933597e+10
 2.40000000e+01  3.00000000e+00  1.49540535e+11  1.08149788e+10
 2.40000000e+01  4.00000000e+00  1.94400928e+11  1.08149788e+10
 2.40000000e+01  5.00000000e+00  2.14167860e+11  1.08366413e+10
 2.40000000e+01  6.00000000e+00  2.43566306e+11  1.08366413e+10
 2.40000000e+01  7.00000000e+00  2.45385451e+11  1.08583471e+10
 2.40000000e+01  8.00000000e+00  2.63932385e+11  1.08583471e+10
 2.40000000e+01  9.00000000e+00  2.79040451e+11  1.08583471e+10
 2.40000000e+01  1.00000000e+01  2.91131739e+11  1.08583471e+10
