# x1 x2 x3 x4
# 45 4
# 9 5 4
 5.00000000e+00  2.00000000e+00  2.85391922e+11  1.00030803e+10
 7.00000000e+00  3.00000000e+00  3.16581888e+11  1.03285209e+10
 8.00000000e+00  4.00000000e+00  3.41554124e+11  1.04532725e+10
 9.00000000e+00  5.00000000e+00  3.55649568e+11  1.05372763e+10
 1.00000000e+01  6.00000000e+00  3.61721145e+11  1.06007218e+10
 1.20000000e+01  7.00000000e+00  3.44938301e+11  1.06859105e+10
 1.50000000e+01  8.00000000e+00  3.34208649e+11  1.07502509e+10
 1.80000000e+01  9.00000000e+00  3.02708679e+11  1.08149788e+10
 2.40000000e+01  1.00000000e+01  2.91131739e+11  1.08583471e+10
