# x1 x2 x3 x4
# 9 4
# 9 4
 2.00000000e+00  2.00000000e+00  1.61930581e+09  3.36259180e+11
 3.00000000e+00  3.00000000e+00  6.30403213e+09  3.70513191e+11
 4.00000000e+00  4.00000000e+00  6.11008619e+09  3.82348350e+11
 5.00000000e+00  5.00000000e+00  6.47989690e+09  3.78812834e+11
 6.00000000e+00  6.00000000e+00  6.13535254e+09  3.74536034e+11
 7.00000000e+00  7.00000000e+00  1.14767848e+09  3.71655928e+11
 8.00000000e+00  8.00000000e+00  1.51555179e+10  3.58821569e+11
 9.00000000e+00  9.00000000e+00  6.46053169e+09  3.49161634e+11
 1.00000000e+01  1.00000000e+01  5.88993918e+09  3.38895108e+11
