# x1 x2 x3 x4
# 9 4
# 9 4
 2.00000000e+00  2.00000000e+00  1.68557345e+09  2.29776456e+11
 3.00000000e+00  3.00000000e+00  2.43591270e+09  2.93763272e+11
 4.00000000e+00  4.00000000e+00  2.68716910e+09  3.24949018e+11
 5.00000000e+00  5.00000000e+00  9.93749447e+09  3.35646701e+11
 6.00000000e+00  6.00000000e+00  4.19656334e+09  3.40806756e+11
 7.00000000e+00  7.00000000e+00  4.57179977e+09  3.40566466e+11
 8.00000000e+00  8.00000000e+00  3.01604254e+09  3.37544890e+11
 9.00000000e+00  9.00000000e+00  1.59010547e+10  3.29804245e+11
 1.00000000e+01  1.00000000e+01  1.90081486e+10  3.20948354e+11
