# energy(MeV) dYield(atoms/MeV/s) photonFlux(photons/MeV/uA/s) crossSection(mb)
# 301 4
# 301 4
 0.00000000e+00  0.00000000e+00  0.00000000e+00  0.00000000e+00
 2.00000000e-01  0.00000000e+00  0.00000000e+00  0.00000000e+00
 4.00000000e-01  0.00000000e+00  0.00000000e+00  0.00000000e+00
 6.00000000e-01  0.00000000e+00  0.00000000e+00  0.00000000e+00
 8.00000000e-01  0.00000000e+00  0.00000000e+00  0.00000000e+00
 1.00000000e+00  0.00000000e+00  0.00000000e+00  0.00000000e+00
 1.20000000e+00  0.00000000e+00  0.00000000e+00  0.00000000e+00
 1.40000000e+00  0.00000000e+00  0.00000000e+00  0.00000000e+00
 1.60000000e+00  0.00000000e+00  0.00000000e+00  0.00000000e+00
 1.80000000e+00  0.00000000e+00  0.00000000e+00  0.00000000e+00
 2.00000000e+00  0.00000000e+00  0.00000000e+00  0.00000000e+00
 2.20000000e+00  0.00000000e+00  0.00000000e+00  0.00000000e+00
 2.40000000e+00  0.00000000e+00  0.00000000e+00  0.00000000e+00
 2.60000000e+00  0.00000000e+00  0.00000000e+00  0.00000000e+00
 2.80000000e+00  0.00000000e+00  0.00000000e+00  0.00000000e+00
 3.00000000e+00  0.00000000e+00  0.00000000e+00  0.00000000e+00
 3.20000000e+00  0.00000000e+00  0.00000000e+00  0.00000000e+00
 3.40000000e+00  0.00000000e+00  0.00000000e+00  0.00000000e+00
 3.60000000e+00  0.00000000e+00  0.00000000e+00  0.00000000e+00
 3.80000000e+00  0.00000000e+00  0.00000000e+00  0.00000000e+00
 4.00000000e+00  0.00000000e+00  0.00000000e+00  0.00000000e+00
 4.20000000e+00  0.00000000e+00  0.00000000e+00  0.00000000e+00
 4.40000000e+00  0.00000000e+00  0.00000000e+00  0.00000000e+00
 4.60000000e+00  0.00000000e+00  0.00000000e+00  0.00000000e+00
 4.80000000e+00  0.00000000e+00  0.00000000e+00  0.00000000e+00
 5.00000000e+00  0.00000000e+00  0.00000000e+00  0.00000000e+00
 5.20000000e+00  6.70524409e+03  8.08425000e+11  9.44317839e-32
 5.40000000e+00  1.36956785e+04  8.25920000e+11  1.88794313e-31
 5.60000000e+00  2.09733787e+04  8.43305000e+11  2.83156842e-31
 5.80000000e+00  2.85357752e+04  8.60585000e+11  3.77519371e-31
 6.00000000e+00  3.63804647e+04  8.77765000e+11  4.71881900e-31
 6.20000000e+00  1.79640887e+06  8.94845000e+11  2.28560255e-29
 6.40000000e+00  3.62322046e+06  9.11830000e+11  4.52401691e-29
 6.60000000e+00  5.51625489e+06  9.28720000e+11  6.76243128e-29
 6.80000000e+00  7.47499138e+06  9.45520000e+11  9.00084564e-29
 7.00000000e+00  9.49889909e+06  9.62230000e+11  1.12392600e-28
 7.20000000e+00  4.39252485e+07  9.78855000e+11  5.10903880e-28
 7.40000000e+00  7.95110331e+07  9.95425000e+11  9.09415160e-28
 7.60000000e+00  1.16245882e+08  1.01190000e+12  1.30792644e-27
 7.80000000e+00  1.54115324e+08  1.02825000e+12  1.70643772e-27
 8.00000000e+00  1.93120098e+08  1.04455000e+12  2.10494900e-27
 8.20000000e+00  3.42742266e+08  1.06080000e+12  3.67855700e-27
 8.40000000e+00  4.96810270e+08  1.07695000e+12  5.25216500e-27
 8.60000000e+00  6.55312621e+08  1.09305000e+12  6.82577300e-27
 8.80000000e+00  8.18191702e+08  1.10905000e+12  8.39938100e-27
 9.00000000e+00  9.85449845e+08  1.12500000e+12  9.97298900e-27
 9.20000000e+00  1.32123480e+09  1.14090000e+12  1.31848672e-26
 9.40000000e+00  1.66584677e+09  1.15670000e+12  1.63967454e-26
 9.60000000e+00  2.01928725e+09  1.17245000e+12  1.96086236e-26
 9.80000000e+00  2.38151392e+09  1.18815000e+12  2.28205018e-26
 1.00000000e+01  2.75248447e+09  1.20380000e+12  2.60323800e-26
 1.02000000e+01  3.24753529e+09  1.21940000e+12  3.03215240e-26
 1.04000000e+01  3.75403602e+09  1.23490000e+12  3.46106680e-26
 1.06000000e+01  4.27204446e+09  1.25035000e+12  3.88998120e-26
 1.08000000e+01  4.80169378e+09  1.26580000e+12  4.31889560e-26
 1.10000000e+01  5.34256697e+09  1.28115000e+12  4.74781000e-26
 1.12000000e+01  5.99645189e+09  1.29640000e+12  5.26621600e-26
 1.14000000e+01  6.66422439e+09  1.31165000e+12  5.78462200e-26
 1.16000000e+01  7.34560766e+09  1.32685000e+12  6.30302800e-26
 1.18000000e+01  8.04023383e+09  1.34195000e+12  6.82143400e-26
 1.20000000e+01  8.74861098e+09  1.35705000e+12  7.33984000e-26
 1.22000000e+01  9.57750806e+09  1.37210000e+12  7.94712600e-26
 1.24000000e+01  1.04220847e+10  1.38710000e+12  8.55441200e-26
 1.26000000e+01  1.12822608e+10  1.40205000e+12  9.16169800e-26
 1.28000000e+01  1.21575275e+10  1.41690000e+12  9.76898400e-26
 1.30000000e+01  1.30481804e+10  1.43170000e+12  1.03762700e-25
 1.32000000e+01  1.40440803e+10  1.44650000e+12  1.10539680e-25
 1.34000000e+01  1.50570841e+10  1.46125000e+12  1.17316660e-25
 1.36000000e+01  1.60871026e+10  1.47595000e+12  1.24093640e-25
 1.38000000e+01  1.71340464e+10  1.49060000e+12  1.30870620e-25
 1.40000000e+01  1.81978263e+10  1.50520000e+12  1.37647600e-25
 1.42000000e+01  1.92929535e+10  1.51975000e+12  1.44533960e-25
 1.44000000e+01  2.04050167e+10  1.53425000e+12  1.51420320e-25
 1.46000000e+01  2.15346205e+10  1.54875000e+12  1.58306680e-25
 1.48000000e+01  2.26810395e+10  1.56320000e+12  1.65193040e-25
 1.50000000e+01  2.38434271e+10  1.57755000e+12  1.72079400e-25
 1.52000000e+01  2.46595051e+10  1.59185000e+12  1.76370340e-25
 1.54000000e+01  2.54863620e+10  1.60615000e+12  1.80661280e-25
 1.56000000e+01  2.63231856e+10  1.62040000e+12  1.84952220e-25
 1.58000000e+01  2.71699193e+10  1.63460000e+12  1.89243160e-25
 1.60000000e+01  2.80273566e+10  1.64880000e+12  1.93534100e-25
 1.62000000e+01  2.83491121e+10  1.66295000e+12  1.94090200e-25
 1.64000000e+01  2.86713952e+10  1.67705000e+12  1.94646300e-25
 1.66000000e+01  2.89941983e+10  1.69110000e+12  1.95202400e-25
 1.68000000e+01  2.93175143e+10  1.70510000e+12  1.95758500e-25
 1.70000000e+01  2.96421979e+10  1.71910000e+12  1.96314600e-25
 1.72000000e+01  2.96501518e+10  1.73305000e+12  1.94786640e-25
 1.74000000e+01  2.96526640e+10  1.74690000e+12  1.93258680e-25
 1.76000000e+01  2.96514587e+10  1.76075000e+12  1.91730720e-25
 1.78000000e+01  2.96465359e+10  1.77460000e+12  1.90202760e-25
 1.80000000e+01  2.96362384e+10  1.78835000e+12  1.88674800e-25
 1.82000000e+01  2.93774903e+10  1.80210000e+12  1.85600500e-25
 1.84000000e+01  2.91113165e+10  1.81585000e+12  1.82526200e-25
 1.86000000e+01  2.88361408e+10  1.82950000e+12  1.79451900e-25
 1.88000000e+01  2.85528189e+10  1.84310000e+12  1.76377600e-25
 1.90000000e+01  2.82621523e+10  1.85670000e+12  1.73303300e-25
 1.92000000e+01  2.78267163e+10  1.87030000e+12  1.69392440e-25
 1.94000000e+01  2.73812103e+10  1.88385000e+12  1.65481580e-25
 1.96000000e+01  2.69256859e+10  1.89735000e+12  1.61570720e-25
 1.98000000e+01  2.64601945e+10  1.91080000e+12  1.57659860e-25
 2.00000000e+01  2.59854629e+10  1.92425000e+12  1.53749000e-25
 2.02000000e+01  2.53142833e+10  1.93770000e+12  1.48738170e-25
 2.04000000e+01  2.46300022e+10  1.95105000e+12  1.43727340e-25
 2.06000000e+01  2.39333608e+10  1.96435000e+12  1.38716510e-25
 2.08000000e+01  2.32250123e+10  1.97765000e+12  1.33705680e-25
 2.10000000e+01  2.25049568e+10  1.99095000e+12  1.28694850e-25
 2.12000000e+01  2.17726511e+10  2.00420000e+12  1.23684020e-25
 2.14000000e+01  2.10281611e+10  2.01740000e+12  1.18673190e-25
 2.16000000e+01  2.02720521e+10  2.03060000e+12  1.13662360e-25
 2.18000000e+01  1.95038469e+10  2.04375000e+12  1.08651530e-25
 2.20000000e+01  1.87236115e+10  2.05685000e+12  1.03640700e-25
 2.22000000e+01  1.82391000e+10  2.06995000e+12  1.00319853e-25
 2.24000000e+01  1.77469465e+10  2.08305000e+12  9.69990060e-26
 2.26000000e+01  1.72467397e+10  2.09610000e+12  9.36781590e-26
 2.28000000e+01  1.67385232e+10  2.10910000e+12  9.03573120e-26
 2.30000000e+01  1.62223407e+10  2.12205000e+12  8.70364650e-26
 2.32000000e+01  1.56986038e+10  2.13500000e+12  8.37156180e-26
 2.34000000e+01  1.51673124e+10  2.14795000e+12  8.03947710e-26
 2.36000000e+01  1.46281281e+10  2.16085000e+12  7.70739240e-26
 2.38000000e+01  1.40810945e+10  2.17370000e+12  7.37530770e-26
 2.40000000e+01  1.35262554e+10  2.18650000e+12  7.04322300e-26
 2.42000000e+01  1.32475418e+10  2.19930000e+12  6.85794760e-26
 2.44000000e+01  1.29646623e+10  2.21210000e+12  6.67267220e-26
 2.46000000e+01  1.26773319e+10  2.22485000e+12  6.48739680e-26
 2.48000000e+01  1.23858519e+10  2.23760000e+12  6.30212140e-26
 2.50000000e+01  1.20902221e+10  2.25035000e+12  6.11684600e-26
 2.52000000e+01  1.17899217e+10  2.26300000e+12  5.93157060e-26
 2.54000000e+01  1.14855042e+10  2.27565000e+12  5.74629520e-26
 2.56000000e+01  1.11769695e+10  2.28830000e+12  5.56101980e-26
 2.58000000e+01  1.08640816e+10  2.30090000e+12  5.37574440e-26
 2.60000000e+01  1.05470928e+10  2.31350000e+12  5.19046900e-26
 2.62000000e+01  1.03843550e+10  2.32605000e+12  5.08280930e-26
 2.64000000e+01  1.02190251e+10  2.33855000e+12  4.97514960e-26
 2.66000000e+01  1.00513313e+10  2.35105000e+12  4.86748990e-26
 2.68000000e+01  9.88127343e+09  2.36355000e+12  4.75983020e-26
 2.70000000e+01  9.70885156e+09  2.37605000e+12  4.65217050e-26
 2.72000000e+01  9.53386611e+09  2.38850000e+12  4.54451080e-26
 2.74000000e+01  9.35633124e+09  2.40090000e+12  4.43685110e-26
 2.76000000e+01  9.17645127e+09  2.41330000e+12  4.32919140e-26
 2.78000000e+01  8.99404081e+09  2.42565000e+12  4.22153170e-26
 2.80000000e+01  8.80929470e+09  2.43800000e+12  4.11387200e-26
 2.82000000e+01  8.71884657e+09  2.45035000e+12  4.05111200e-26
 2.84000000e+01  8.62686172e+09  2.46265000e+12  3.98835200e-26
 2.86000000e+01  8.53352082e+09  2.47495000e+12  3.92559200e-26
 2.88000000e+01  8.43865423e+09  2.48720000e+12  3.86283200e-26
 2.90000000e+01  8.34227023e+09  2.49940000e+12  3.80007200e-26
 2.92000000e+01  8.24470533e+09  2.51165000e+12  3.73731200e-26
 2.94000000e+01  8.14562852e+09  2.52385000e+12  3.67455200e-26
 2.96000000e+01  8.04504808e+09  2.53600000e+12  3.61179200e-26
 2.98000000e+01  7.94328398e+09  2.54820000e+12  3.54903200e-26
 3.00000000e+01  7.84002176e+09  2.56035000e+12  3.48627200e-26
 3.02000000e+01  7.78295845e+09  2.57245000e+12  3.44461832e-26
 3.04000000e+01  7.72500977e+09  2.58455000e+12  3.40296464e-26
 3.06000000e+01  7.66602811e+09  2.59660000e+12  3.36131096e-26
 3.08000000e+01  7.60616473e+09  2.60865000e+12  3.31965728e-26
 3.10000000e+01  7.54541963e+09  2.62070000e+12  3.27800360e-26
 3.12000000e+01  7.48365070e+09  2.63270000e+12  3.23634992e-26
 3.14000000e+01  7.42100371e+09  2.64470000e+12  3.19469624e-26
 3.16000000e+01  7.35747867e+09  2.65670000e+12  3.15304256e-26
 3.18000000e+01  7.29307557e+09  2.66870000e+12  3.11138888e-26
 3.20000000e+01  7.22765961e+09  2.68065000e+12  3.06973520e-26
 3.22000000e+01  7.16123627e+09  2.69255000e+12  3.02808152e-26
 3.24000000e+01  7.09394219e+09  2.70445000e+12  2.98642784e-26
 3.26000000e+01  7.02577738e+09  2.71635000e+12  2.94477416e-26
 3.28000000e+01  6.95674182e+09  2.72825000e+12  2.90312048e-26
 3.30000000e+01  6.88670987e+09  2.74010000e+12  2.86146680e-26
 3.32000000e+01  6.81568700e+09  2.75190000e+12  2.81981312e-26
 3.34000000e+01  6.74380071e+09  2.76370000e+12  2.77815944e-26
 3.36000000e+01  6.67105101e+09  2.77550000e+12  2.73650576e-26
 3.38000000e+01  6.59743788e+09  2.78730000e+12  2.69485208e-26
 3.40000000e+01  6.52296133e+09  2.79910000e+12  2.65319840e-26
 3.42000000e+01  6.44750667e+09  2.81085000e+12  2.61154472e-26
 3.44000000e+01  6.37107939e+09  2.82255000e+12  2.56989104e-26
 3.46000000e+01  6.29379601e+09  2.83425000e+12  2.52823736e-26
 3.48000000e+01  6.21565653e+09  2.84595000e+12  2.48658368e-26
 3.50000000e+01  6.13666094e+09  2.85765000e+12  2.44493000e-26
 3.52000000e+01  6.08855946e+09  2.86930000e+12  2.41591656e-26
 3.54000000e+01  6.03986423e+09  2.88095000e+12  2.38690312e-26
 3.56000000e+01  5.99057523e+09  2.89260000e+12  2.35788968e-26
 3.58000000e+01  5.94059019e+09  2.90420000e+12  2.32887624e-26
 3.60000000e+01  5.89001395e+09  2.91580000e+12  2.29986280e-26
 3.62000000e+01  5.83884649e+09  2.92740000e+12  2.27084936e-26
 3.64000000e+01  5.78698936e+09  2.93895000e+12  2.24183592e-26
 3.66000000e+01  5.73454357e+09  2.95050000e+12  2.21282248e-26
 3.68000000e+01  5.68150911e+09  2.96205000e+12  2.18380904e-26
 3.70000000e+01  5.62779136e+09  2.97355000e+12  2.15479560e-26
 3.72000000e+01  5.57348749e+09  2.98505000e+12  2.12578216e-26
 3.74000000e+01  5.51859751e+09  2.99655000e+12  2.09676872e-26
 3.76000000e+01  5.46303060e+09  3.00800000e+12  2.06775528e-26
 3.78000000e+01  5.40688013e+09  3.01945000e+12  2.03874184e-26
 3.80000000e+01  5.35014608e+09  3.03090000e+12  2.00972840e-26
 3.82000000e+01  5.29274148e+09  3.04230000e+12  1.98071496e-26
 3.84000000e+01  5.23484158e+09  3.05375000e+12  1.95170152e-26
 3.86000000e+01  5.17635811e+09  3.06520000e+12  1.92268808e-26
 3.88000000e+01  5.11720790e+09  3.07660000e+12  1.89367464e-26
 3.90000000e+01  5.05747668e+09  3.08800000e+12  1.86466120e-26
 3.92000000e+01  4.99708382e+09  3.09935000e+12  1.83564776e-26
 3.94000000e+01  4.93611249e+09  3.11070000e+12  1.80663432e-26
 3.96000000e+01  4.87456269e+09  3.12205000e+12  1.77762088e-26
 3.98000000e+01  4.81243441e+09  3.13340000e+12  1.74860744e-26
 4.00000000e+01  4.74972767e+09  3.14475000e+12  1.71959400e-26
 4.02000000e+01  4.71279923e+09  3.15605000e+12  1.70011540e-26
 4.04000000e+01  4.67548414e+09  3.16735000e+12  1.68063680e-26
 4.06000000e+01  4.63785535e+09  3.17870000e+12  1.66115820e-26
 4.08000000e+01  4.59983819e+09  3.19005000e+12  1.64167960e-26
 4.10000000e+01  4.56129018e+09  3.20130000e+12  1.62220100e-26
 4.12000000e+01  4.52235723e+09  3.21255000e+12  1.60272240e-26
 4.14000000e+01  4.48310887e+09  3.22385000e+12  1.58324380e-26
 4.16000000e+01  4.44340518e+09  3.23510000e+12  1.56376520e-26
 4.18000000e+01  4.40331654e+09  3.24635000e+12  1.54428660e-26
 4.20000000e+01  4.36284296e+09  3.25760000e+12  1.52480800e-26
 4.22000000e+01  4.32198444e+09  3.26885000e+12  1.50532940e-26
 4.24000000e+01  4.28074097e+09  3.28010000e+12  1.48585080e-26
 4.26000000e+01  4.23904817e+09  3.29130000e+12  1.46637220e-26
 4.28000000e+01  4.19697213e+09  3.30250000e+12  1.44689360e-26
 4.30000000e+01  4.15451285e+09  3.31370000e+12  1.42741500e-26
 4.32000000e+01  4.11167035e+09  3.32490000e+12  1.40793640e-26
 4.34000000e+01  4.06844461e+09  3.33610000e+12  1.38845780e-26
 4.36000000e+01  4.02483564e+09  3.34730000e+12  1.36897920e-26
 4.38000000e+01  3.98084344e+09  3.35850000e+12  1.34950060e-26
 4.40000000e+01  3.93646800e+09  3.36970000e+12  1.33002200e-26
 4.42000000e+01  3.89165178e+09  3.38085000e+12  1.31054340e-26
 4.44000000e+01  3.84645404e+09  3.39200000e+12  1.29106480e-26
 4.46000000e+01  3.80087477e+09  3.40315000e+12  1.27158620e-26
 4.48000000e+01  3.75485899e+09  3.41425000e+12  1.25210760e-26
 4.50000000e+01  3.70846341e+09  3.42535000e+12  1.23262900e-26
 4.52000000e+01  3.67773899e+09  3.43645000e+12  1.21846824e-26
 4.54000000e+01  3.64673846e+09  3.44755000e+12  1.20430747e-26
 4.56000000e+01  3.61546181e+09  3.45865000e+12  1.19014671e-26
 4.58000000e+01  3.58390904e+09  3.46975000e+12  1.17598594e-26
 4.60000000e+01  3.55208015e+09  3.48085000e+12  1.16182518e-26
 4.62000000e+01  3.51992473e+09  3.49190000e+12  1.14766442e-26
 4.64000000e+01  3.48749445e+09  3.50295000e+12  1.13350365e-26
 4.66000000e+01  3.45478929e+09  3.51400000e+12  1.11934289e-26
 4.68000000e+01  3.42180925e+09  3.52505000e+12  1.10518212e-26
 4.70000000e+01  3.38855434e+09  3.53610000e+12  1.09102136e-26
 4.72000000e+01  3.35497726e+09  3.54710000e+12  1.07686060e-26
 4.74000000e+01  3.32112655e+09  3.55810000e+12  1.06269983e-26
 4.76000000e+01  3.28704826e+09  3.56915000e+12  1.04853907e-26
 4.78000000e+01  3.25269509e+09  3.58020000e+12  1.03437830e-26
 4.80000000e+01  3.21797743e+09  3.59115000e+12  1.02021754e-26
 4.82000000e+01  3.18298739e+09  3.60210000e+12  1.00605678e-26
 4.84000000e+01  3.14776853e+09  3.61310000e+12  9.91896012e-27
 4.86000000e+01  3.11227603e+09  3.62410000e+12  9.77735248e-27
 4.88000000e+01  2.81262286e+09  3.32330000e+12  9.63574484e-27
 4.90000000e+01  1.63236496e+09  1.95751500e+12  9.49413720e-27
 4.92000000e+01  3.68847294e+08  4.49015000e+11  9.35252956e-27
 4.94000000e+01  0.00000000e+00  0.00000000e+00  9.21092192e-27
 4.96000000e+01  0.00000000e+00  0.00000000e+00  9.06931428e-27
 4.98000000e+01  0.00000000e+00  0.00000000e+00  8.92770664e-27
 5.00000000e+01  0.00000000e+00  0.00000000e+00  8.78609900e-27
 5.02000000e+01  0.00000000e+00  0.00000000e+00  8.69715204e-27
 5.04000000e+01  0.00000000e+00  0.00000000e+00  8.60820508e-27
 5.06000000e+01  0.00000000e+00  0.00000000e+00  8.51925812e-27
 5.08000000e+01  0.00000000e+00  0.00000000e+00  8.43031116e-27
 5.10000000e+01  0.00000000e+00  0.00000000e+00  8.34136420e-27
 5.12000000e+01  0.00000000e+00  0.00000000e+00  8.25241724e-27
 5.14000000e+01  0.00000000e+00  0.00000000e+00  8.16347028e-27
 5.16000000e+01  0.00000000e+00  0.00000000e+00  8.07452332e-27
 5.18000000e+01  0.00000000e+00  0.00000000e+00  7.98557636e-27
 5.20000000e+01  0.00000000e+00  0.00000000e+00  7.89662940e-27
 5.22000000e+01  0.00000000e+00  0.00000000e+00  7.80768244e-27
 5.24000000e+01  0.00000000e+00  0.00000000e+00  7.71873548e-27
 5.26000000e+01  0.00000000e+00  0.00000000e+00  7.62978852e-27
 5.28000000e+01  0.00000000e+00  0.00000000e+00  7.54084156e-27
 5.30000000e+01  0.00000000e+00  0.00000000e+00  7.45189460e-27
 5.32000000e+01  0.00000000e+00  0.00000000e+00  7.36294764e-27
 5.34000000e+01  0.00000000e+00  0.00000000e+00  7.27400068e-27
 5.36000000e+01  0.00000000e+00  0.00000000e+00  7.18505372e-27
 5.38000000e+01  0.00000000e+00  0.00000000e+00  7.09610676e-27
 5.40000000e+01  0.00000000e+00  0.00000000e+00  7.00715980e-27
 5.42000000e+01  0.00000000e+00  0.00000000e+00  6.91821284e-27
 5.44000000e+01  0.00000000e+00  0.00000000e+00  6.82926588e-27
 5.46000000e+01  0.00000000e+00  0.00000000e+00  6.74031892e-27
 5.48000000e+01  0.00000000e+00  0.00000000e+00  6.65137196e-27
 5.50000000e+01  0.00000000e+00  0.00000000e+00  6.56242500e-27
 5.52000000e+01  0.00000000e+00  0.00000000e+00  6.48666428e-27
 5.54000000e+01  0.00000000e+00  0.00000000e+00  6.41090356e-27
 5.56000000e+01  0.00000000e+00  0.00000000e+00  6.33514284e-27
 5.58000000e+01  0.00000000e+00  0.00000000e+00  6.25938212e-27
 5.60000000e+01  0.00000000e+00  0.00000000e+00  6.18362140e-27
 5.62000000e+01  0.00000000e+00  0.00000000e+00  6.10786068e-27
 5.64000000e+01  0.00000000e+00  0.00000000e+00  6.03209996e-27
 5.66000000e+01  0.00000000e+00  0.00000000e+00  5.95633924e-27
 5.68000000e+01  0.00000000e+00  0.00000000e+00  5.88057852e-27
 5.70000000e+01  0.00000000e+00  0.00000000e+00  5.80481780e-27
 5.72000000e+01  0.00000000e+00  0.00000000e+00  5.72905708e-27
 5.74000000e+01  0.00000000e+00  0.00000000e+00  5.65329636e-27
 5.76000000e+01  0.00000000e+00  0.00000000e+00  5.57753564e-27
 5.78000000e+01  0.00000000e+00  0.00000000e+00  5.50177492e-27
 5.80000000e+01  0.00000000e+00  0.00000000e+00  5.42601420e-27
 5.82000000e+01  0.00000000e+00  0.00000000e+00  5.35025348e-27
 5.84000000e+01  0.00000000e+00  0.00000000e+00  5.27449276e-27
 5.86000000e+01  0.00000000e+00  0.00000000e+00  5.19873204e-27
 5.88000000e+01  0.00000000e+00  0.00000000e+00  5.12297132e-27
 5.90000000e+01  0.00000000e+00  0.00000000e+00  5.04721060e-27
 5.92000000e+01  0.00000000e+00  0.00000000e+00  4.97144988e-27
 5.94000000e+01  0.00000000e+00  0.00000000e+00  4.89568916e-27
 5.96000000e+01  0.00000000e+00  0.00000000e+00  4.81992844e-27
 5.98000000e+01  0.00000000e+00  0.00000000e+00  4.74416772e-27
 6.00000000e+01  0.00000000e+00  0.00000000e+00  4.66840700e-27
